tauArnoldiCoeffTex [14 x 54] 15
    8.0000     4.4989     3.3943     1.0000     0.0000    -0.4214     0.3220     1.0000     0.0000     0.4492     0.8663     1.0000  -261.0501     9.8697    17.2916     1.0000  -583.1713     3.2370     1.3900     1.0000  2012.8126     5.9692     6.3789     1.0000     2.1906     6.5654    11.7187     1.0000  1124.0283    11.3179     1.1870     1.0000 -2029.5105   -13.1926    -8.3178     1.0000  1318.5533   130.0557   179.0419     1.0000 29817.9063 -68804.5703 73941.6250     1.0000 999304.5000 -130307.5625 139620.9063     1.0000 -2318737.5000 -265220.4063 -244035.1094     1.0000 3141322.7500 6650986.5000 6600022.0000     1.0000
    8.0000     5.3078     4.7245     1.0000     0.0001    -0.1685     0.9903     1.0000     0.0001     0.4943     0.7859     1.0000     8.5252     8.6317    16.8732     1.0000 -2657.1240     2.9013     0.6797     1.0000  1656.1282     1.8924     5.6909     1.0000   -45.4161   -32.8212   -14.1095     1.0000  1471.1937   -62.7086   -28.5999     1.0000 -1631.4381  -911.0258  -147.3501     1.0000  1341.4691  1639.6584   669.2745     1.0000 -26460.7070 -185240.1563 -326807.4063     1.0000 1402652.3750 -304980.0313 -344353.3750     1.0000 -2469152.0000 -3813520.7500 -1800746.0000     1.0000 3771982.7500 7287746.0000 8290190.0000     1.0000
    8.0000     5.6460     5.3458     1.0000     0.0000     0.4011     1.0021     1.0000     0.0000     1.1136     1.4601     1.0000  -222.3777     6.2313    17.3473     1.0000  -170.8082    -6.7367    -0.2384     1.0000  1598.2896     8.0753    13.3465     1.0000    39.5172    18.4003    18.6294     1.0000   605.3405    -5.6503     1.2632     1.0000 -1386.7686    24.3424     7.9429     1.0000   834.7995    33.8466    35.0097     1.0000 34747.0664  2163.3005 -22756.4355     1.0000 513656.1875 11492.7832 12577.9814     1.0000 -1200989.6250 64221.2031 -29658.1484     1.0000 1880201.3750 2778699.0000 2290775.2500     1.0000
    8.0000     5.0379     4.2562     1.0000    -0.0000     0.9815     1.5737     1.0000     0.0000     1.7865     2.2107     1.0000   106.3117     1.6991     8.5464     1.0000  -729.7629    -7.9605    -5.2400     1.0000  1404.5771     5.2524    10.2364     1.0000   103.7302     9.1212     6.3853     1.0000  1625.6149   -19.7975    -9.4793     1.0000 -2049.9524    13.8606   -10.4728     1.0000   970.7929    72.6267    62.0154     1.0000 84244.8438 57928.7500 -129700.1641     1.0000 1246710.7500  1964.1580 36221.7617     1.0000 -1655193.8750 196081.3906 -114146.8125     1.0000 1990361.3750 4735212.0000 4677330.5000     1.0000
    8.0000     5.0984     4.3591     1.0000     0.0000     0.3843     1.5901     1.0000     0.0000     0.1041     0.7433     1.0000  -223.5810    12.1278     3.9156     1.0000   -10.5565    -6.0453    -2.3818     1.0000  1650.4164    12.6726     2.7911     1.0000    16.1051    -3.4294    -7.5026     1.0000   848.4800   -16.8443    -3.6085     1.0000 -2302.9653  -115.3813  -111.0652     1.0000  1170.7806   583.2491   534.4009     1.0000 -115799.6797 -134058.3906 -137680.7344     1.0000 1710314.5000 -173295.6719 30916.6270     1.0000 -2570204.0000 -1179885.7500 -1072680.1250     1.0000 3210456.0000 5868021.0000 6050657.5000     1.0000
    0.0000     0.0000     0.0000     0.0000     0.0000     0.0000     0.0000     0.0000     0.0000     0.0000     0.0000     0.0000     0.0000     0.0000     0.0000     0.0000     0.0000     0.0000     0.0000     0.0000     0.0000     0.0000     0.0000     0.0000     0.0000     0.0000     0.0000     0.0000     0.0000     0.0000     0.0000     0.0000     0.0000     0.0000     0.0000     0.0000     0.0000     0.0000     0.0000     0.0000     0.0000     0.0000     0.0000     0.0000     0.0000     0.0000     0.0000     0.0000     0.0000     0.0000     0.0000     0.0000     0.0000     0.0000     0.0000     0.0000
    8.0000     4.4989     3.3943     1.0000     0.0000    -0.3906     0.3734     1.0000     0.0000     0.4437     0.8665     1.0000    28.4910    10.1776    17.4479     1.0000 -2080.5110     3.2030     1.4040     1.0000  1385.2107     6.2044     6.6324     1.0000   -29.3556     6.3211     4.7160     1.0000  1381.4939    10.4255    -8.0242     1.0000 -1820.4453   -13.7680   -13.6645     1.0000  1213.7357   139.3675   130.5673     1.0000 -5219.6172  9534.7783 -51103.3906     1.0000 966206.0625 18446.5352 -3006.9504     1.0000 -1895547.8750 -251668.9219 -305733.0000     1.0000 2508458.0000 6780014.0000 6238760.5000     1.0000
    8.0000     5.3078     4.7245     1.0000     0.0001    -0.1424     1.0337     1.0000     0.0001     0.4856     0.7857     1.0000  -240.3824     8.7751    16.7852     1.0000 -1069.6768     2.7945     0.4785     1.0000  2196.1934     1.7698     5.6443     1.0000  -122.5583    16.4498     3.8868     1.0000  1729.4924    21.9696    -8.5593     1.0000 -1963.5044  -612.3315   -80.6061     1.0000  1442.8918  1453.4867   529.0549     1.0000 -147650.2188 -95045.9531 -243401.1094     1.0000 2564459.0000 -156422.6719 -247829.8281     1.0000 -2567774.7500 -3155648.7500 -1374829.2500     1.0000 3121773.5000 7745394.5000 8251641.0000     1.0000
    8.0000     5.6460     5.3458     1.0000     0.0000     0.4256     1.0431     1.0000     0.0000     1.1241     1.4655     1.0000  -196.8065     6.1800    17.3383     1.0000  -120.8697    -6.7462    -0.2835     1.0000  1798.1404     8.0002    13.4227     1.0000    20.3075    18.5578    18.6553     1.0000   726.0779    -5.8811     1.0542     1.0000 -1459.8091    24.5681     7.9288     1.0000   753.8791    26.5181    36.3431     1.0000 -27884.7930 -23454.8086 -32511.2480     1.0000 891050.8125   437.5144  1691.3503     1.0000 -934415.8750 56098.1953 -50347.1641     1.0000 1699099.1250 2303556.5000 2446087.5000     1.0000
    8.0000     5.0379     4.2562     1.0000    -0.0000     1.0089     1.6196     1.0000     0.0000     1.7997     2.2214     1.0000   115.3409     1.6514     8.4801     1.0000 -1819.4409    -7.9421    -5.2378     1.0000  1560.0507     5.2172    10.2748     1.0000    59.7644     7.2455     6.0241     1.0000  1060.8644   -19.6695    -9.5999     1.0000 -1152.1061    10.0123   -11.1086     1.0000  1237.6927    76.9381    65.9905     1.0000 11580.7578 -80621.6484 -164733.0938     1.0000 1239798.7500 28792.3770 31843.2949     1.0000 -1869310.7500 -8579.4189 -170628.3281     1.0000 2272458.7500 4821541.5000 4761313.5000     1.0000
    8.0000     5.0984     4.3591     1.0000     0.0000     0.4115     1.6354     1.0000     0.0000     0.1135     0.7527     1.0000  -125.1665    11.2709     3.7958     1.0000  -626.9370    -6.6290    -2.4346     1.0000  1261.3446    11.3107     2.8019     1.0000  -133.5689   -15.1906   -11.7002     1.0000  1545.2181   -31.0075    -3.1962     1.0000 -1924.3944  -149.2185  -130.2450     1.0000  1385.1765   604.1206   579.1861     1.0000 -156883.4688 -204321.1719 -163700.8594     1.0000 1785507.0000 -233420.0625 32527.4316     1.0000 -2282319.7500 -1382772.0000 -1202361.0000     1.0000 2928388.7500 5913053.0000 6186836.5000     1.0000
    0.0000     0.0000     0.0000     0.0000     0.0000     0.0000     0.0000     0.0000     0.0000     0.0000     0.0000     0.0000     0.0000     0.0000     0.0000     0.0000     0.0000     0.0000     0.0000     0.0000     0.0000     0.0000     0.0000     0.0000     0.0000     0.0000     0.0000     0.0000     0.0000     0.0000     0.0000     0.0000     0.0000     0.0000     0.0000     0.0000     0.0000     0.0000     0.0000     0.0000     0.0000     0.0000     0.0000     0.0000     0.0000     0.0000     0.0000     0.0000     0.0000     0.0000     0.0000     0.0000     0.0000     0.0000     0.0000     0.0000
    8.0000     4.4989     3.3943     1.0000     0.0000    -0.4014     0.3620     1.0000     0.0000     0.4491     0.8663     1.0000  -235.2867     9.9914    17.4405     1.0000  -575.3486     3.3486     1.4838     1.0000  1872.3749     5.9940     6.4969     1.0000   -68.8216     7.8852    11.3655     1.0000  1472.2012    13.9637     0.5987     1.0000 -1852.4471   -12.7668    -5.2672     1.0000  1165.3977   145.0227   136.9630     1.0000 -203636.7188 -1736.3035 122878.8594     1.0000 2794612.0000   985.1534 211418.5781     1.0000 -2318544.0000 -197971.9375 -105860.8516     1.0000 3415698.7500 6543520.0000 6326403.0000     1.0000
    8.0000     5.3078     4.7245     1.0000     0.0001    -0.1485     1.0303     1.0000     0.0001     0.4944     0.7859     1.0000   -65.5050     8.7149    16.9692     1.0000 -1995.1829     2.9488     0.7166     1.0000  2096.2461     1.7603     5.7263     1.0000     8.1063   -19.1423    -7.1448     1.0000  1475.9976   -40.8441   -21.2201     1.0000 -1984.9167  -452.1234   -91.6226     1.0000  1111.9467  1151.3386   504.7250     1.0000 158623.5625 -207649.0938 -328867.7500     1.0000 754126.9375 -343333.7500 -343475.4063     1.0000 -3096423.5000 -2650467.7500 -1415638.2500     1.0000 3110471.5000 7415156.0000 7693881.5000     1.0000
    8.0000     5.6460     5.3458     1.0000     0.0000     0.4211     1.0421     1.0000     0.0000     1.1136     1.4601     1.0000   -41.1935     6.2736    17.4495     1.0000  -812.5693    -6.7326    -0.1963     1.0000  1253.3737     8.1686    13.4769     1.0000  -119.1893    17.8778    18.7827     1.0000  1372.1522    -5.9672     1.3239     1.0000 -1643.8657    23.0752     8.1131     1.0000   805.8460    31.9948    37.2937     1.0000 -59914.7930 -35623.0977 -15216.8760     1.0000 652939.3750 -8175.2778 17493.4395     1.0000 -1046219.3750  3932.9399 -25198.6855     1.0000 1009930.8125 2669706.0000 2505666.5000     1.0000
    8.0000     5.0379     4.2562     1.0000    -0.0000     1.0014     1.6137     1.0000     0.0000     1.7865     2.2107     1.0000   150.9222     1.6920     8.5646     1.0000 -1569.1282    -7.9703    -5.2493     1.0000  1577.7794     5.2907    10.3090     1.0000   136.3423     7.5198     5.1158     1.0000  1433.8475   -19.4823    -9.6710     1.0000 -1229.9365    11.2167   -12.3947     1.0000  1222.1345    78.2607    68.9845     1.0000 65701.4375 -33438.5430 -179989.5469     1.0000 1312070.1250 19584.4902 27875.8828     1.0000 -1353447.5000 54616.1719 -198026.2031     1.0000 2066409.5000 4916917.0000 4678118.0000     1.0000
    8.0000     5.0984     4.3591     1.0000     0.0000     0.4043     1.6301     1.0000     0.0001     0.1041     0.7433     1.0000  -258.2468    11.9745     3.8859     1.0000  -108.8226    -6.2848    -2.3895     1.0000  1771.3151    12.4515     2.7988     1.0000   -14.0349    17.0807    -1.7294     1.0000  1066.7837    10.3127    -4.0093     1.0000 -2176.6584   -90.2156  -107.6325     1.0000  1153.7006   605.6653   547.5989     1.0000 -182952.9844 -2983.8525 -97101.6172     1.0000 2441193.7500 -2625.5547 26888.9883     1.0000 -2580308.7500 -1006112.7500 -1063094.0000     1.0000 2746061.7500 6045279.5000 6252586.0000     1.0000
    0.0000     0.0000     0.0000     0.0000     0.0000     0.0000     0.0000     0.0000     0.0000     0.0000     0.0000     0.0000     0.0000     0.0000     0.0000     0.0000     0.0000     0.0000     0.0000     0.0000     0.0000     0.0000     0.0000     0.0000     0.0000     0.0000     0.0000     0.0000     0.0000     0.0000     0.0000     0.0000     0.0000     0.0000     0.0000     0.0000     0.0000     0.0000     0.0000     0.0000     0.0000     0.0000     0.0000     0.0000     0.0000     0.0000     0.0000     0.0000     0.0000     0.0000     0.0000     0.0000     0.0000     0.0000     0.0000     0.0000
    8.0000     4.4989     3.3943     1.0000     0.0000    -0.4068     0.3545     1.0000     0.0001     0.4521     0.8684     1.0000  -190.4046     9.9397    17.4425     1.0000  -208.2005     3.3487     1.5154     1.0000  1480.5260     5.9231     6.4711     1.0000   -27.0005     5.1732     8.9882     1.0000  1032.0461     8.4721    -2.3805     1.0000 -2134.0857   -12.9995   -10.1879     1.0000  1205.5891   115.9008   158.8501     1.0000 -49798.6250 -18526.4707 69799.4063     1.0000 1185507.0000 -36477.3633 137188.6563     1.0000 -2508159.0000 -187389.3750 -206475.8750     1.0000 2736202.5000 6402121.0000 6234927.0000     1.0000
    8.0000     5.3078     4.7245     1.0000     0.0001    -0.1513     1.0285     1.0000     0.0001     0.4986     0.7884     1.0000  -187.0089     8.6282    16.9612     1.0000  -959.4977     2.8408     0.7085     1.0000  1958.9642     1.6811     5.6537     1.0000   -67.2424    36.9881     5.6425     1.0000  1607.7247    52.7276    -7.2282     1.0000 -2249.7454  -410.5380   -67.7483     1.0000  1156.5706  1225.2164   480.3823     1.0000 -60841.8984 45053.7930 -169175.6250     1.0000 1597771.6250 76855.0547 -170975.9219     1.0000 -2524034.2500 -2416611.2500 -1176009.6250     1.0000 3061630.5000 7693567.0000 8033344.0000     1.0000
    8.0000     5.6460     5.3458     1.0000     0.0000     0.4194     1.0429     1.0000     0.0000     1.1110     1.4590     1.0000   -80.4864     6.3160    17.5239     1.0000  -875.2254    -6.7183    -0.1301     1.0000  1339.8218     8.2146    13.5114     1.0000  -114.0934    18.2633    18.9268     1.0000  1134.4265    -5.6296     1.5500     1.0000 -1158.4296    23.9125     8.3531     1.0000   962.5027    31.3928    37.0110     1.0000 -62560.8477 -9901.0625 -7701.1123     1.0000 890359.3750  6103.6514 25268.9336     1.0000 -1001113.4375 54701.2227 -12660.7598     1.0000 1092703.1250 2654876.5000 2513912.0000     1.0000
    8.0000     5.0379     4.2562     1.0000    -0.0000     0.9978     1.6101     1.0000     0.0000     1.7830     2.2065     1.0000   187.3281     1.7150     8.6089     1.0000  -899.8940    -7.9793    -5.2512     1.0000  1799.5457     5.2977    10.3176     1.0000   -12.0562     7.9559     5.9932     1.0000  1228.7405   -19.5392    -9.6210     1.0000 -1788.9899    12.2689   -11.1666     1.0000  1056.9967    70.6324    63.3804     1.0000 -83151.0547 -39251.8125 -163338.2344     1.0000 712891.1875 22682.5156 32225.9590     1.0000 -1750458.8750 90768.3359 -159512.6094     1.0000 2199453.5000 4627106.5000 4546682.5000     1.0000
    8.0000     5.0984     4.3591     1.0000     0.0000     0.4009     1.6269     1.0000     0.0000     0.1037     0.7401     1.0000  -143.8060    12.5025     4.0725     1.0000 -1165.5200    -5.5091    -2.4024     1.0000  1630.0300    13.0534     2.9123     1.0000   -67.6384    -1.1121   -16.4268     1.0000  1360.4520   -13.0483    -3.3474     1.0000 -1865.7966  -125.1545  -148.6093     1.0000  1210.1721   615.9960   615.1103     1.0000 42332.5664 -127405.2891 -170109.6406     1.0000 791620.0625 -170422.9063 28139.5527     1.0000 -2527013.5000 -1229091.7500 -1303323.5000     1.0000 2977018.2500 5912803.5000 6393730.0000     1.0000
    0.0000     0.0000     0.0000     0.0000     0.0000     0.0000     0.0000     0.0000     0.0000     0.0000     0.0000     0.0000     0.0000     0.0000     0.0000     0.0000     0.0000     0.0000     0.0000     0.0000     0.0000     0.0000     0.0000     0.0000     0.0000     0.0000     0.0000     0.0000     0.0000     0.0000     0.0000     0.0000     0.0000     0.0000     0.0000     0.0000     0.0000     0.0000     0.0000     0.0000     0.0000     0.0000     0.0000     0.0000     0.0000     0.0000     0.0000     0.0000     0.0000     0.0000     0.0000     0.0000     0.0000     0.0000     0.0000     0.0000
    8.0000     4.4989     3.3943     1.0000     0.0000    -0.4100     0.3491     1.0000     0.0000     0.4535     0.8701     1.0000  -270.8124     9.9122    17.4566     1.0000  -472.9274     3.3118     1.5336     1.0000  2095.2686     5.9136     6.4672     1.0000    20.4935    12.2193    12.5350     1.0000   961.5052    22.2032     1.9846     1.0000 -1993.5920   -12.3065    -3.6810     1.0000  1123.2540   159.8149   130.9691     1.0000 34791.7461 143374.3281 205415.3281     1.0000 1132455.2500 280132.6875 317653.3125     1.0000 -2313684.5000 -168998.2031  6591.9214     1.0000 3083015.2500 6205657.5000 6268564.0000     1.0000
    8.0000     5.3078     4.7245     1.0000     0.0001    -0.1527     1.0279     1.0000     0.0001     0.5012     0.7913     1.0000  -159.2527     8.5907    17.0025     1.0000 -1629.1552     2.7745     0.7288     1.0000  2319.8110     1.6310     5.6516     1.0000  -102.0682    49.8262     4.1445     1.0000  1419.3588    76.0870    -8.3721     1.0000 -1327.6791  -349.2522   -79.6090     1.0000  1495.0504  1121.6002   522.7410     1.0000 -76475.2344  7367.7505 -245698.4219     1.0000 2090294.6250 16514.0664 -255432.2031     1.0000 -2411554.2500 -2115855.5000 -1353013.5000     1.0000 3397704.5000 7195547.0000 8078649.0000     1.0000
    8.0000     5.6460     5.3458     1.0000     0.0001     0.4190     1.0449     1.0000     0.0000     1.1104     1.4597     1.0000  -127.2254     6.3578    17.6083     1.0000  -582.4965    -6.7028    -0.0574     1.0000  1271.7454     8.2691    13.5704     1.0000   -19.7375    17.8853    18.1640     1.0000   908.3763    -5.7636     0.8245     1.0000 -1647.1404    22.8798     7.0463     1.0000   840.8046    33.1310    37.2380     1.0000 13346.5693 -41099.1094 -53493.4141     1.0000 463440.7500 -13470.6387 -21759.3828     1.0000 -1237674.5000 -31487.9902 -87909.5781     1.0000 1280343.1250 2768136.7500 2433875.2500     1.0000
    8.0000     5.0379     4.2562     1.0000    -0.0000     0.9957     1.6077     1.0000     0.0000     1.7819     2.2047     1.0000   154.3568     1.7364     8.6485     1.0000  -618.1017    -7.9877    -5.2527     1.0000  1544.6725     5.3101    10.3324     1.0000    35.7135     8.1921     6.7934     1.0000  1197.7545   -19.5851    -9.5906     1.0000 -2026.6224    12.5371   -10.1373     1.0000  1009.4587    69.7348    59.6469     1.0000 -18386.4805 -7744.9971 -114109.8516     1.0000 410187.5625 16497.7227 37655.7188     1.0000 -1874092.5000 140112.9844 -89936.6484     1.0000 2383179.2500 4549875.0000 4506759.0000     1.0000
    8.0000     5.0984     4.3591     1.0000     0.0000     0.3989     1.6249     1.0000     0.0000     0.1046     0.7388     1.0000  -292.4204    12.5586     4.1117     1.0000   172.2566    -5.3462    -2.4092     1.0000  1719.2072    13.0289     2.8568     1.0000    96.0048    -1.0025     3.5635     1.0000   340.9131   -12.8167    -4.5158     1.0000 -1980.8112  -112.2877   -90.9494     1.0000  1192.0186   581.0738   509.6673     1.0000  5495.5313 -86197.6094 -50423.9883     1.0000 893344.5625 -119925.4141 24051.9375     1.0000 -2668661.2500 -1069399.0000 -931719.1875     1.0000 3512215.7500 5628101.5000 6118115.5000     1.0000
    0.0000     0.0000     0.0000     0.0000     0.0000     0.0000     0.0000     0.0000     0.0000     0.0000     0.0000     0.0000     0.0000     0.0000     0.0000     0.0000     0.0000     0.0000     0.0000     0.0000     0.0000     0.0000     0.0000     0.0000     0.0000     0.0000     0.0000     0.0000     0.0000     0.0000     0.0000     0.0000     0.0000     0.0000     0.0000     0.0000     0.0000     0.0000     0.0000     0.0000     0.0000     0.0000     0.0000     0.0000     0.0000     0.0000     0.0000     0.0000     0.0000     0.0000     0.0000     0.0000     0.0000     0.0000     0.0000     0.0000
    8.0000     4.4989     3.3943     1.0000     0.0000    -0.4214     0.4209     1.0000     0.0001     0.4492     0.9054     1.0000  -130.1540    11.1813    18.4327     1.0000 -1783.7909     3.6855     0.7539     1.0000  2062.0725     6.7443     6.9791     1.0000   -77.1368   -12.3549     5.3763     1.0000  1706.8396   -25.1843    -8.8495     1.0000 -2153.8569   -45.8282   -22.0059     1.0000  1197.2277   300.9566   225.6483     1.0000  4790.9141 -330923.7813 -52014.2461     1.0000 1106106.2500 -642713.5625 -4171.4990     1.0000 -2450742.0000 -790445.3750 -537574.9375     1.0000 2919845.0000 7655450.0000 8547762.0000     1.0000
    8.0000     5.3078     4.7245     1.0000    -0.0000    -0.1686     1.0774     1.0000     0.0001     0.4943     0.8213     1.0000   -42.2306     9.3077    17.3299     1.0000 -2466.7966     2.9115    -0.0511     1.0000  1780.3357     1.7804     5.8347     1.0000  -213.1695    13.3073   -10.6777     1.0000  1990.3481    14.9356   -24.6947     1.0000 -1739.7714  -433.7044  -148.9392     1.0000  1697.9591  1236.8533   706.1548     1.0000 -213771.4375 -110667.2266 -398806.7500     1.0000 2114553.2500 -180353.5625 -382883.6875     1.0000 -2587659.7500 -2754460.0000 -2085911.3750     1.0000 4170771.7500 8621081.0000 9618063.0000     1.0000
    8.0000     5.6460     5.3458     1.0000     0.0000     0.4011     1.0689     1.0000     0.0000     1.1136     1.5002     1.0000   -43.2056     6.8548    18.3852     1.0000 -1241.6523    -7.5239    -0.8050     1.0000  1333.3560     8.6783    13.9586     1.0000   -59.2277    18.9153    18.3884     1.0000  1456.3483    -6.6070    -0.5682     1.0000 -1390.1086    24.5792     5.6069     1.0000   764.6464    33.0459    43.9341     1.0000 -41399.3047 -6671.8599 -56436.6250     1.0000 758957.1875 13495.6250 -9773.5029     1.0000 -940325.5000 119834.7109 -90659.0938     1.0000 1932693.8750 3139045.7500 3125040.5000     1.0000
    8.0000     5.0379     4.2562     1.0000    -0.0000     0.9815     1.6575     1.0000     0.0001     1.7865     2.2763     1.0000   318.9420     2.0616     9.1992     1.0000 -1721.6877    -8.8143    -5.7527     1.0000  2519.7000     5.5718    10.6994     1.0000    89.3018     6.1660     3.4561     1.0000  1303.1619   -20.2933    -9.8066     1.0000 -1241.6259    11.5259   -16.3248     1.0000  1397.2336    87.9013    82.3903     1.0000 -54298.2031 -130983.2500 -263883.6875     1.0000 1543086.0000 43325.4844 39280.0391     1.0000 -2140048.5000 -19816.6445 -290921.7500     1.0000 2938508.0000 5763647.5000 5709157.0000     1.0000
    8.0000     5.0984     4.3591     1.0000    -0.0001     0.3842     1.6769     1.0000     0.0001     0.1041     0.8194     1.0000   -93.6419    13.3564     3.7736     1.0000 -1977.8906    -6.6437    -2.4958     1.0000  1879.7318    14.0189     2.7518     1.0000   -22.2849    -5.2039   -16.3995     1.0000  1558.1442   -20.8768    -2.2740     1.0000 -1776.0226  -163.5358  -193.7693     1.0000  1276.9691   741.6804   765.7994     1.0000 62514.8555 -117836.6797 -182478.5156     1.0000 1382235.3750 -150277.5313 40442.5195     1.0000 -2552330.5000 -1652698.6250 -1714939.7500     1.0000 4401358.5000 7832430.5000 7692238.5000     1.0000
    0.0000     0.0000     0.0000     0.0000     0.0000     0.0000     0.0000     0.0000     0.0000     0.0000     0.0000     0.0000     0.0000     0.0000     0.0000     0.0000     0.0000     0.0000     0.0000     0.0000     0.0000     0.0000     0.0000     0.0000     0.0000     0.0000     0.0000     0.0000     0.0000     0.0000     0.0000     0.0000     0.0000     0.0000     0.0000     0.0000     0.0000     0.0000     0.0000     0.0000     0.0000     0.0000     0.0000     0.0000     0.0000     0.0000     0.0000     0.0000     0.0000     0.0000     0.0000     0.0000     0.0000     0.0000     0.0000     0.0000
    1.0000     1.0000     1.0000     0.0000     0.0000     0.0000     0.0000     0.0000     1.0000     1.0000     1.0000     0.0000     0.0000     0.0000     0.0000     0.0000     0.0000     0.0000     0.0000     0.0000     1.0000     1.0000     1.0000     0.0000     0.0000     0.0000     0.0000     0.0000     0.0000     0.0000     0.0000     0.0000     0.0000     0.0000     0.0000     0.0000     1.0000     1.0000     1.0000     0.0000     0.0000     0.0000     0.0000     0.0000     0.0000     0.0000     0.0000     0.0000     0.0000     0.0000     0.0000     0.0000     0.0000     0.0000     0.0000     0.0000
    1.0000     1.0000     1.0000     0.0000     0.0000     0.0000     0.0000     0.0000     1.0000     1.0000     1.0000     0.0000     0.0000     0.0000     0.0000     0.0000     0.0000     0.0000     0.0000     0.0000     1.0000     1.0000     1.0000     0.0000     0.0000     0.0000     0.0000     0.0000     0.0000     0.0000     0.0000     0.0000     0.0000     0.0000     0.0000     0.0000     1.0000     1.0000     1.0000     0.0000     0.0000     0.0000     0.0000     0.0000     0.0000     0.0000     0.0000     0.0000     0.0000     0.0000     0.0000     0.0000     0.0000     0.0000     0.0000     0.0000
    1.0000     1.0000     1.0000     0.0000     0.0000     0.0000     0.0000     0.0000     1.0000     1.0000     1.0000     0.0000     0.0000     0.0000     0.0000     0.0000     0.0000     0.0000     0.0000     0.0000     1.0000     1.0000     1.0000     0.0000     0.0000     0.0000     0.0000     0.0000     0.0000     0.0000     0.0000     0.0000     0.0000     0.0000     0.0000     0.0000     1.0000     1.0000     1.0000     0.0000     0.0000     0.0000     0.0000     0.0000     0.0000     0.0000     0.0000     0.0000     0.0000     0.0000     0.0000     0.0000     0.0000     0.0000     0.0000     0.0000
    1.0000     1.0000     1.0000     0.0000     0.0000     0.0000     0.0000     0.0000     1.0000     1.0000     1.0000     0.0000     0.0000     0.0000     0.0000     0.0000     0.0000     0.0000     0.0000     0.0000     1.0000     1.0000     1.0000     0.0000     0.0000     0.0000     0.0000     0.0000     0.0000     0.0000     0.0000     0.0000     0.0000     0.0000     0.0000     0.0000     1.0000     1.0000     1.0000     0.0000     0.0000     0.0000     0.0000     0.0000     0.0000     0.0000     0.0000     0.0000     0.0000     0.0000     0.0000     0.0000     0.0000     0.0000     0.0000     0.0000
    1.0000     1.0000     1.0000     0.0000     0.0000     0.0000     0.0000     0.0000     1.0000     1.0000     1.0000     0.0000     0.0000     0.0000     0.0000     0.0000     0.0000     0.0000     0.0000     0.0000     1.0000     1.0000     1.0000     0.0000     0.0000     0.0000     0.0000     0.0000     0.0000     0.0000     0.0000     0.0000     0.0000     0.0000     0.0000     0.0000     1.0000     1.0000     1.0000     0.0000     0.0000     0.0000     0.0000     0.0000     0.0000     0.0000     0.0000     0.0000     0.0000     0.0000     0.0000     0.0000     0.0000     0.0000     0.0000     0.0000
    0.0000     0.0000     0.0000     0.0000     0.0000     0.0000     0.0000     0.0000     0.0000     0.0000     0.0000     0.0000     0.0000     0.0000     0.0000     0.0000     0.0000     0.0000     0.0000     0.0000     0.0000     0.0000     0.0000     0.0000     0.0000     0.0000     0.0000     0.0000     0.0000     0.0000     0.0000     0.0000     0.0000     0.0000     0.0000     0.0000     0.0000     0.0000     0.0000     0.0000     0.0000     0.0000     0.0000     0.0000     0.0000     0.0000     0.0000     0.0000     0.0000     0.0000     0.0000     0.0000     0.0000     0.0000     0.0000     0.0000
    1.0000     1.0000     1.0000     0.0000     0.0000     0.0000     0.0000     0.0000     1.0000     1.0000     1.0000     0.0000     0.0000     0.0000     0.0000     0.0000     0.0000     0.0000     0.0000     0.0000     1.0000     1.0000     1.0000     0.0000     0.0000     0.0000     0.0000     0.0000     0.0000     0.0000     0.0000     0.0000     0.0000     0.0000     0.0000     0.0000     1.0000     1.0000     1.0000     0.0000     0.0000     0.0000     0.0000     0.0000     0.0000     0.0000     0.0000     0.0000     0.0000     0.0000     0.0000     0.0000     0.0000     0.0000     0.0000     0.0000
    1.0000     1.0000     1.0000     0.0000     0.0000     0.0000     0.0000     0.0000     1.0000     1.0000     1.0000     0.0000     0.0000     0.0000     0.0000     0.0000     0.0000     0.0000     0.0000     0.0000     1.0000     1.0000     1.0000     0.0000     0.0000     0.0000     0.0000     0.0000     0.0000     0.0000     0.0000     0.0000     0.0000     0.0000     0.0000     0.0000     1.0000     1.0000     1.0000     0.0000     0.0000     0.0000     0.0000     0.0000     0.0000     0.0000     0.0000     0.0000     0.0000     0.0000     0.0000     0.0000     0.0000     0.0000     0.0000     0.0000
    1.0000     1.0000     1.0000     0.0000     0.0000     0.0000     0.0000     0.0000     1.0000     1.0000     1.0000     0.0000     0.0000     0.0000     0.0000     0.0000     0.0000     0.0000     0.0000     0.0000     1.0000     1.0000     1.0000     0.0000     0.0000     0.0000     0.0000     0.0000     0.0000     0.0000     0.0000     0.0000     0.0000     0.0000     0.0000     0.0000     1.0000     1.0000     1.0000     0.0000     0.0000     0.0000     0.0000     0.0000     0.0000     0.0000     0.0000     0.0000     0.0000     0.0000     0.0000     0.0000     0.0000     0.0000     0.0000     0.0000
    1.0000     1.0000     1.0000     0.0000     0.0000     0.0000     0.0000     0.0000     1.0000     1.0000     1.0000     0.0000     0.0000     0.0000     0.0000     0.0000     0.0000     0.0000     0.0000     0.0000     1.0000     1.0000     1.0000     0.0000     0.0000     0.0000     0.0000     0.0000     0.0000     0.0000     0.0000     0.0000     0.0000     0.0000     0.0000     0.0000     1.0000     1.0000     1.0000     0.0000     0.0000     0.0000     0.0000     0.0000     0.0000     0.0000     0.0000     0.0000     0.0000     0.0000     0.0000     0.0000     0.0000     0.0000     0.0000     0.0000
    1.0000     1.0000     1.0000     0.0000     0.0000     0.0000     0.0000     0.0000     1.0000     1.0000     1.0000     0.0000     0.0000     0.0000     0.0000     0.0000     0.0000     0.0000     0.0000     0.0000     1.0000     1.0000     1.0000     0.0000     0.0000     0.0000     0.0000     0.0000     0.0000     0.0000     0.0000     0.0000     0.0000     0.0000     0.0000     0.0000     1.0000     1.0000     1.0000     0.0000     0.0000     0.0000     0.0000     0.0000     0.0000     0.0000     0.0000     0.0000     0.0000     0.0000     0.0000     0.0000     0.0000     0.0000     0.0000     0.0000
    0.0000     0.0000     0.0000     0.0000     0.0000     0.0000     0.0000     0.0000     0.0000     0.0000     0.0000     0.0000     0.0000     0.0000     0.0000     0.0000     0.0000     0.0000     0.0000     0.0000     0.0000     0.0000     0.0000     0.0000     0.0000     0.0000     0.0000     0.0000     0.0000     0.0000     0.0000     0.0000     0.0000     0.0000     0.0000     0.0000     0.0000     0.0000     0.0000     0.0000     0.0000     0.0000     0.0000     0.0000     0.0000     0.0000     0.0000     0.0000     0.0000     0.0000     0.0000     0.0000     0.0000     0.0000     0.0000     0.0000
    1.0000     1.0000     1.0000     0.0000     0.0000     0.0000     0.0000     0.0000     1.0000     1.0000     1.0000     0.0000     0.0000     0.0000     0.0000     0.0000     0.0000     0.0000     0.0000     0.0000     1.0000     1.0000     1.0000     0.0000     0.0000     0.0000     0.0000     0.0000     0.0000     0.0000     0.0000     0.0000     0.0000     0.0000     0.0000     0.0000     1.0000     1.0000     1.0000     0.0000     0.0000     0.0000     0.0000     0.0000     0.0000     0.0000     0.0000     0.0000     0.0000     0.0000     0.0000     0.0000     0.0000     0.0000     0.0000     0.0000
    1.0000     1.0000     1.0000     0.0000     0.0000     0.0000     0.0000     0.0000     1.0000     1.0000     1.0000     0.0000     0.0000     0.0000     0.0000     0.0000     0.0000     0.0000     0.0000     0.0000     1.0000     1.0000     1.0000     0.0000     0.0000     0.0000     0.0000     0.0000     0.0000     0.0000     0.0000     0.0000     0.0000     0.0000     0.0000     0.0000     1.0000     1.0000     1.0000     0.0000     0.0000     0.0000     0.0000     0.0000     0.0000     0.0000     0.0000     0.0000     0.0000     0.0000     0.0000     0.0000     0.0000     0.0000     0.0000     0.0000
    1.0000     1.0000     1.0000     0.0000     0.0000     0.0000     0.0000     0.0000     1.0000     1.0000     1.0000     0.0000     0.0000     0.0000     0.0000     0.0000     0.0000     0.0000     0.0000     0.0000     1.0000     1.0000     1.0000     0.0000     0.0000     0.0000     0.0000     0.0000     0.0000     0.0000     0.0000     0.0000     0.0000     0.0000     0.0000     0.0000     1.0000     1.0000     1.0000     0.0000     0.0000     0.0000     0.0000     0.0000     0.0000     0.0000     0.0000     0.0000     0.0000     0.0000     0.0000     0.0000     0.0000     0.0000     0.0000     0.0000
    1.0000     1.0000     1.0000     0.0000     0.0000     0.0000     0.0000     0.0000     1.0000     1.0000     1.0000     0.0000     0.0000     0.0000     0.0000     0.0000     0.0000     0.0000     0.0000     0.0000     1.0000     1.0000     1.0000     0.0000     0.0000     0.0000     0.0000     0.0000     0.0000     0.0000     0.0000     0.0000     0.0000     0.0000     0.0000     0.0000     1.0000     1.0000     1.0000     0.0000     0.0000     0.0000     0.0000     0.0000     0.0000     0.0000     0.0000     0.0000     0.0000     0.0000     0.0000     0.0000     0.0000     0.0000     0.0000     0.0000
    1.0000     1.0000     1.0000     0.0000     0.0000     0.0000     0.0000     0.0000     1.0000     1.0000     1.0000     0.0000     0.0000     0.0000     0.0000     0.0000     0.0000     0.0000     0.0000     0.0000     1.0000     1.0000     1.0000     0.0000     0.0000     0.0000     0.0000     0.0000     0.0000     0.0000     0.0000     0.0000     0.0000     0.0000     0.0000     0.0000     1.0000     1.0000     1.0000     0.0000     0.0000     0.0000     0.0000     0.0000     0.0000     0.0000     0.0000     0.0000     0.0000     0.0000     0.0000     0.0000     0.0000     0.0000     0.0000     0.0000
    0.0000     0.0000     0.0000     0.0000     0.0000     0.0000     0.0000     0.0000     0.0000     0.0000     0.0000     0.0000     0.0000     0.0000     0.0000     0.0000     0.0000     0.0000     0.0000     0.0000     0.0000     0.0000     0.0000     0.0000     0.0000     0.0000     0.0000     0.0000     0.0000     0.0000     0.0000     0.0000     0.0000     0.0000     0.0000     0.0000     0.0000     0.0000     0.0000     0.0000     0.0000     0.0000     0.0000     0.0000     0.0000     0.0000     0.0000     0.0000     0.0000     0.0000     0.0000     0.0000     0.0000     0.0000     0.0000     0.0000
{"varName":"tauArnoldiCoeffTex","savedAt":"2026-05-18T12:17:10.299Z","value":{"__backupType":"texture2D","w":14,"h":54,"dim":4,"format":[6408,34836,5126],"unit":22,"program":15,"data":[8,4.498941421508789,3.3942933082580566,1,0.00003528594970703125,-0.4213768541812897,0.3220178484916687,1,0.000040088365494739264,0.44915124773979187,0.8662937879562378,1,-261.0500793457031,9.869717597961426,17.291641235351562,1,-583.1712646484375,3.237016439437866,1.3900271654129028,1,2012.8126220703125,5.969207286834717,6.378857612609863,1,2.190598964691162,6.565354824066162,11.718688011169434,1,1124.0283203125,11.317944526672363,1.186960220336914,1,-2029.510498046875,-13.192566871643066,-8.31778621673584,1,1318.5533447265625,130.05567932128906,179.0418701171875,1,29817.90625,-68804.5703125,73941.625,1,999304.5,-130307.5625,139620.90625,1,-2318737.5,-265220.40625,-244035.109375,1,3141322.75,6650986.5,6600022,1,8,5.307772159576416,4.724470138549805,1,0.0000667572021484375,-0.16850142180919647,0.990254819393158,1,0.000060766342357965186,0.4943386912345886,0.7858834862709045,1,8.525232315063477,8.631709098815918,16.873231887817383,1,-2657.1240234375,2.9012763500213623,0.6797325611114502,1,1656.128173828125,1.8923918008804321,5.690944194793701,1,-45.416080474853516,-32.82123565673828,-14.109511375427246,1,1471.1937255859375,-62.708614349365234,-28.599946975708008,1,-1631.4381103515625,-911.0258178710938,-147.35009765625,1,1341.4691162109375,1639.658447265625,669.2745361328125,1,-26460.70703125,-185240.15625,-326807.40625,1,1402652.375,-304980.03125,-344353.375,1,-2469152,-3813520.75,-1800746,1,3771982.75,7287746,8290190,1,8,5.646009922027588,5.345790386199951,1,0.00004100799560546875,0.4010848104953766,1.0021413564682007,1,0.00003587387618608773,1.1135542392730713,1.4600952863693237,1,-222.3777313232422,6.231289863586426,17.347270965576172,1,-170.8082275390625,-6.736721992492676,-0.23842132091522217,1,1598.28955078125,8.075289726257324,13.346498489379883,1,39.51724624633789,18.40032958984375,18.629364013671875,1,605.3405151367188,-5.650315761566162,1.263224720954895,1,-1386.7685546875,24.3424072265625,7.942899227142334,1,834.7994995117188,33.846561431884766,35.00969314575195,1,34747.06640625,2163.300537109375,-22756.435546875,1,513656.1875,11492.783203125,12577.9814453125,1,-1200989.625,64221.203125,-29658.1484375,1,1880201.375,2778699,2290775.25,1,8,5.037887096405029,4.2562336921691895,1,-0.00002002716064453125,0.9814527630805969,1.5737276077270508,1,0.00004831845217267983,1.7864587306976318,2.210692882537842,1,106.31169128417969,1.6991268396377563,8.54641056060791,1,-729.762939453125,-7.960503578186035,-5.240039825439453,1,1404.5771484375,5.252438068389893,10.236440658569336,1,103.73023223876953,9.121249198913574,6.385305404663086,1,1625.6148681640625,-19.79746437072754,-9.479318618774414,1,-2049.952392578125,13.860565185546875,-10.472774505615234,1,970.7929077148438,72.62669372558594,62.01538848876953,1,84244.84375,57928.75,-129700.1640625,1,1246710.75,1964.157958984375,36221.76171875,1,-1655193.875,196081.390625,-114146.8125,1,1990361.375,4735212,4677330.5,1,8,5.098410129547119,4.359112739562988,1,0.00003337860107421875,0.38428136706352234,1.5901328325271606,1,0.00004936128243571147,0.10412570834159851,0.743341863155365,1,-223.58099365234375,12.127800941467285,3.9156060218811035,1,-10.556465148925781,-6.045315742492676,-2.38175630569458,1,1650.4163818359375,12.672563552856445,2.791121482849121,1,16.105140686035156,-3.4294276237487793,-7.5026373863220215,1,848.47998046875,-16.844327926635742,-3.608466148376465,1,-2302.96533203125,-115.38134765625,-111.06524658203125,1,1170.7806396484375,583.2491455078125,534.40087890625,1,-115799.6796875,-134058.390625,-137680.734375,1,1710314.5,-173295.671875,30916.626953125,1,-2570204,-1179885.75,-1072680.125,1,3210456,5868021,6050657.5,1,0,0,0,0,0,0,0,0,0,0,0,0,0,0,0,0,0,0,0,0,0,0,0,0,0,0,0,0,0,0,0,0,0,0,0,0,0,0,0,0,0,0,0,0,0,0,0,0,0,0,0,0,0,0,0,0,8,4.498941421508789,3.3942933082580566,1,0.0000476837158203125,-0.3905687630176544,0.3733726441860199,1,0.00002523185139580164,0.4436582922935486,0.866524338722229,1,28.491012573242188,10.177647590637207,17.447914123535156,1,-2080.510986328125,3.2030389308929443,1.4040374755859375,1,1385.210693359375,6.204433917999268,6.63237190246582,1,-29.35555648803711,6.321139335632324,4.71603536605835,1,1381.493896484375,10.425482749938965,-8.024155616760254,1,-1820.4453125,-13.767997741699219,-13.664546966552734,1,1213.7357177734375,139.36746215820312,130.56729125976562,1,-5219.6171875,9534.7783203125,-51103.390625,1,966206.0625,18446.53515625,-3006.950439453125,1,-1895547.875,-251668.921875,-305733,1,2508458,6780014,6238760.5,1,8,5.307772159576416,4.724470138549805,1,0.00006103515625,-0.14239932596683502,1.0337443351745605,1,0.00008074192010099068,0.4855894148349762,0.785739004611969,1,-240.3823699951172,8.775059700012207,16.785165786743164,1,-1069.6767578125,2.7945072650909424,0.47851258516311646,1,2196.193359375,1.7697969675064087,5.644291877746582,1,-122.55827331542969,16.44980812072754,3.8868112564086914,1,1729.492431640625,21.96962547302246,-8.559309005737305,1,-1963.50439453125,-612.33154296875,-80.60614013671875,1,1442.891845703125,1453.4866943359375,529.054931640625,1,-147650.21875,-95045.953125,-243401.109375,1,2564459,-156422.671875,-247829.828125,1,-2567774.75,-3155648.75,-1374829.25,1,3121773.5,7745394.5,8251641,1,8,5.646009922027588,5.345790386199951,1,0.00004863739013671875,0.4256356954574585,1.0430577993392944,1,0.00003085840216954239,1.1241216659545898,1.4655482769012451,1,-196.8065185546875,6.180019855499268,17.33828353881836,1,-120.86967468261719,-6.7462239265441895,-0.2835155725479126,1,1798.140380859375,8.000238418579102,13.422654151916504,1,20.307451248168945,18.557830810546875,18.655261993408203,1,726.0779418945312,-5.88112735748291,1.054222583770752,1,-1459.80908203125,24.56810188293457,7.928778648376465,1,753.8790893554688,26.518125534057617,36.34314727783203,1,-27884.79296875,-23454.80859375,-32511.248046875,1,891050.8125,437.5144348144531,1691.350341796875,1,-934415.875,56098.1953125,-50347.1640625,1,1699099.125,2303556.5,2446087.5,1,8,5.037887096405029,4.2562336921691895,1,-0.0000324249267578125,1.008938193321228,1.619550108909607,1,0.000030457915272563696,1.7996852397918701,2.2213549613952637,1,115.34088897705078,1.651392936706543,8.480072021484375,1,-1819.44091796875,-7.942051887512207,-5.237788200378418,1,1560.0506591796875,5.217162132263184,10.274750709533691,1,59.76443099975586,7.245474338531494,6.024074554443359,1,1060.8643798828125,-19.669532775878906,-9.599905014038086,1,-1152.1060791015625,10.012313842773438,-11.108644485473633,1,1237.6927490234375,76.93805694580078,65.99054718017578,1,11580.7578125,-80621.6484375,-164733.09375,1,1239798.75,28792.376953125,31843.294921875,1,-1869310.75,-8579.4189453125,-170628.328125,1,2272458.75,4821541.5,4761313.5,1,8,5.098410129547119,4.359112739562988,1,0.0000400543212890625,0.41147831082344055,1.6354445219039917,1,0.000039228369132615626,0.11350089311599731,0.7527011632919312,1,-125.16653442382812,11.270880699157715,3.7958436012268066,1,-626.9369506835938,-6.6290388107299805,-2.4345946311950684,1,1261.3446044921875,11.310708999633789,2.8018670082092285,1,-133.56887817382812,-15.190556526184082,-11.700197219848633,1,1545.2181396484375,-31.00750732421875,-3.1962296962738037,1,-1924.3944091796875,-149.2184600830078,-130.2450408935547,1,1385.176513671875,604.12060546875,579.1860961914062,1,-156883.46875,-204321.171875,-163700.859375,1,1785507,-233420.0625,32527.431640625,1,-2282319.75,-1382772,-1202361,1,2928388.75,5913053,6186836.5,1,0,0,0,0,0,0,0,0,0,0,0,0,0,0,0,0,0,0,0,0,0,0,0,0,0,0,0,0,0,0,0,0,0,0,0,0,0,0,0,0,0,0,0,0,0,0,0,0,0,0,0,0,0,0,0,0,8,4.498941421508789,3.3942933082580566,1,0.0000400543212890625,-0.4013679325580597,0.36204099655151367,1,0.00004970098234480247,0.449142187833786,0.8662891983985901,1,-235.28668212890625,9.991384506225586,17.44045639038086,1,-575.3485717773438,3.3486275672912598,1.4838402271270752,1,1872.3748779296875,5.9939985275268555,6.496923446655273,1,-68.82164001464844,7.885222911834717,11.365469932556152,1,1472.201171875,13.963704109191895,0.5986626744270325,1,-1852.4471435546875,-12.766815185546875,-5.267184734344482,1,1165.397705078125,145.02273559570312,136.9630126953125,1,-203636.71875,-1736.303466796875,122878.859375,1,2794612,985.1534423828125,211418.578125,1,-2318544,-197971.9375,-105860.8515625,1,3415698.75,6543520,6326403,1,8,5.307772159576416,4.724470138549805,1,0.00006103515625,-0.14849410951137543,1.030255913734436,1,0.00006473755638580769,0.494352251291275,0.7858840227127075,1,-65.50499725341797,8.714873313903809,16.969240188598633,1,-1995.182861328125,2.948770523071289,0.7166051864624023,1,2096.24609375,1.7603274583816528,5.7263264656066895,1,8.106321334838867,-19.142257690429688,-7.144821643829346,1,1475.99755859375,-40.84410858154297,-21.22014808654785,1,-1984.916748046875,-452.12335205078125,-91.62255096435547,1,1111.9466552734375,1151.338623046875,504.7249755859375,1,158623.5625,-207649.09375,-328867.75,1,754126.9375,-343333.75,-343475.40625,1,-3096423.5,-2650467.75,-1415638.25,1,3110471.5,7415156,7693881.5,1,8,5.646009922027588,5.345790386199951,1,0.000041961669921875,0.4210868775844574,1.0421429872512817,1,0.00003558112803148106,1.1135529279708862,1.4600993394851685,1,-41.193458557128906,6.273604393005371,17.449506759643555,1,-812.5693359375,-6.732570648193359,-0.19634172320365906,1,1253.3736572265625,8.16858959197998,13.476886749267578,1,-119.18926239013672,17.877826690673828,18.78265380859375,1,1372.1522216796875,-5.9672369956970215,1.3238741159439087,1,-1643.86572265625,23.075178146362305,8.113081932067871,1,805.8460083007812,31.99482536315918,37.29365921020508,1,-59914.79296875,-35623.09765625,-15216.8759765625,1,652939.375,-8175.27783203125,17493.439453125,1,-1046219.375,3932.93994140625,-25198.685546875,1,1009930.8125,2669706,2505666.5,1,8,5.037887096405029,4.2562336921691895,1,-0.0000247955322265625,1.0014443397521973,1.6137158870697021,1,0.00003532459231792018,1.7864670753479004,2.2106919288635254,1,150.9222412109375,1.6919875144958496,8.564640045166016,1,-1569.128173828125,-7.970259189605713,-5.249323844909668,1,1577.7794189453125,5.290685653686523,10.308979034423828,1,136.34225463867188,7.519791126251221,5.115763187408447,1,1433.8475341796875,-19.482250213623047,-9.67097282409668,1,-1229.9365234375,11.216676712036133,-12.39468002319336,1,1222.134521484375,78.26072692871094,68.98448944091797,1,65701.4375,-33438.54296875,-179989.546875,1,1312070.125,19584.490234375,27875.8828125,1,-1353447.5,54616.171875,-198026.203125,1,2066409.5,4916917,4678118,1,8,5.098410129547119,4.359112739562988,1,0.0000362396240234375,0.40428853034973145,1.6301480531692505,1,0.00005680569665855728,0.10413099825382233,0.7433421015739441,1,-258.24676513671875,11.974513053894043,3.88588285446167,1,-108.82262420654297,-6.284813404083252,-2.3895089626312256,1,1771.3150634765625,12.451493263244629,2.7988243103027344,1,-14.034865379333496,17.080732345581055,-1.7293699979782104,1,1066.78369140625,10.312702178955078,-4.009307861328125,1,-2176.658447265625,-90.2155532836914,-107.63250732421875,1,1153.7005615234375,605.6653442382812,547.598876953125,1,-182952.984375,-2983.8525390625,-97101.6171875,1,2441193.75,-2625.5546875,26888.98828125,1,-2580308.75,-1006112.75,-1063094,1,2746061.75,6045279.5,6252586,1,0,0,0,0,0,0,0,0,0,0,0,0,0,0,0,0,0,0,0,0,0,0,0,0,0,0,0,0,0,0,0,0,0,0,0,0,0,0,0,0,0,0,0,0,0,0,0,0,0,0,0,0,0,0,0,0,8,4.498941421508789,3.3942933082580566,1,0.0000362396240234375,-0.40677085518836975,0.35449516773223877,1,0.00005028314990340732,0.45211082696914673,0.8683697581291199,1,-190.40457153320312,9.939727783203125,17.4425048828125,1,-208.20045471191406,3.3486838340759277,1.515444278717041,1,1480.5260009765625,5.923111915588379,6.47105073928833,1,-27.000484466552734,5.173173904418945,8.988202095031738,1,1032.046142578125,8.472098350524902,-2.3804821968078613,1,-2134.085693359375,-12.999506950378418,-10.187904357910156,1,1205.589111328125,115.90080261230469,158.85008239746094,1,-49798.625,-18526.470703125,69799.40625,1,1185507,-36477.36328125,137188.65625,1,-2508159,-187389.375,-206475.875,1,2736202.5,6402121,6234927,1,8,5.307772159576416,4.724470138549805,1,0.0000591278076171875,-0.15127351880073547,1.0285240411758423,1,0.00008071939373621717,0.4985893666744232,0.788435697555542,1,-187.00885009765625,8.628231048583984,16.961233139038086,1,-959.4976806640625,2.840766429901123,0.7084749341011047,1,1958.9642333984375,1.6810808181762695,5.6536736488342285,1,-67.242431640625,36.988094329833984,5.642509460449219,1,1607.7247314453125,52.72755813598633,-7.228182792663574,1,-2249.745361328125,-410.5379638671875,-67.7482681274414,1,1156.570556640625,1225.2164306640625,480.38232421875,1,-60841.8984375,45053.79296875,-169175.625,1,1597771.625,76855.0546875,-170975.921875,1,-2524034.25,-2416611.25,-1176009.625,1,3061630.5,7693567,8033344,1,8,5.646009922027588,5.345790386199951,1,0.00004482269287109375,0.41942498087882996,1.0429078340530396,1,0.00003097606895607896,1.1109659671783447,1.4590375423431396,1,-80.48638916015625,6.315975666046143,17.52393341064453,1,-875.2254028320312,-6.718303203582764,-0.13007791340351105,1,1339.82177734375,8.21459674835205,13.511353492736816,1,-114.09339904785156,18.263307571411133,18.926801681518555,1,1134.426513671875,-5.629551410675049,1.5499625205993652,1,-1158.4295654296875,23.912485122680664,8.353086471557617,1,962.5027465820312,31.392797470092773,37.01095962524414,1,-62560.84765625,-9901.0625,-7701.1123046875,1,890359.375,6103.6513671875,25268.93359375,1,-1001113.4375,54701.22265625,-12660.759765625,1,1092703.125,2654876.5,2513912,1,8,5.037887096405029,4.2562336921691895,1,-0.0000209808349609375,0.9978141784667969,1.6100932359695435,1,0.00003449085488682613,1.7829605340957642,2.2065019607543945,1,187.328125,1.7149885892868042,8.608869552612305,1,-899.8939819335938,-7.979342937469482,-5.251189708709717,1,1799.545654296875,5.29766845703125,10.317599296569824,1,-12.056181907653809,7.9559431076049805,5.993175506591797,1,1228.740478515625,-19.539209365844727,-9.620960235595703,1,-1788.9898681640625,12.268881797790527,-11.166553497314453,1,1056.9967041015625,70.63239288330078,63.380409240722656,1,-83151.0546875,-39251.8125,-163338.234375,1,712891.1875,22682.515625,32225.958984375,1,-1750458.875,90768.3359375,-159512.609375,1,2199453.5,4627106.5,4546682.5,1,8,5.098410129547119,4.359112739562988,1,0.0000362396240234375,0.4008530378341675,1.6269493103027344,1,0.00003532459231792018,0.10368286073207855,0.7400751709938049,1,-143.8059844970703,12.502458572387695,4.0725417137146,1,-1165.52001953125,-5.509106159210205,-2.402438163757324,1,1630.030029296875,13.053374290466309,2.912344217300415,1,-67.63844299316406,-1.1120980978012085,-16.42679786682129,1,1360.4520263671875,-13.048343658447266,-3.347369432449341,1,-1865.796630859375,-125.15452575683594,-148.60931396484375,1,1210.172119140625,615.9960327148438,615.1102905273438,1,42332.56640625,-127405.2890625,-170109.640625,1,791620.0625,-170422.90625,28139.552734375,1,-2527013.5,-1229091.75,-1303323.5,1,2977018.25,5912803.5,6393730,1,0,0,0,0,0,0,0,0,0,0,0,0,0,0,0,0,0,0,0,0,0,0,0,0,0,0,0,0,0,0,0,0,0,0,0,0,0,0,0,0,0,0,0,0,0,0,0,0,0,0,0,0,0,0,0,0,8,4.498941421508789,3.3942933082580566,1,0.0000362396240234375,-0.4099828898906708,0.3491356074810028,1,0.00004139429802307859,0.4535299241542816,0.8701460957527161,1,-270.8123779296875,9.91222858428955,17.45664405822754,1,-472.92742919921875,3.311800718307495,1.5335534811019897,1,2095.2685546875,5.913572788238525,6.467171669006348,1,20.49346923828125,12.219280242919922,12.534954071044922,1,961.5051879882812,22.203243255615234,1.9845532178878784,1,-1993.592041015625,-12.30654239654541,-3.681008815765381,1,1123.2540283203125,159.81494140625,130.9690704345703,1,34791.74609375,143374.328125,205415.328125,1,1132455.25,280132.6875,317653.3125,1,-2313684.5,-168998.203125,6591.92138671875,1,3083015.25,6205657.5,6268564,1,8,5.307772159576416,4.724470138549805,1,0.0000591278076171875,-0.15267601609230042,1.0279419422149658,1,0.00006470945663750172,0.5011900067329407,0.7913029193878174,1,-159.2527313232422,8.590681076049805,17.00247573852539,1,-1629.1551513671875,2.7745189666748047,0.7288002967834473,1,2319.81103515625,1.6309571266174316,5.651614189147949,1,-102.06824493408203,49.82621765136719,4.1445417404174805,1,1419.3587646484375,76.08700561523438,-8.372121810913086,1,-1327.6790771484375,-349.2522277832031,-79.60897064208984,1,1495.0504150390625,1121.6002197265625,522.7410278320312,1,-76475.234375,7367.75048828125,-245698.421875,1,2090294.625,16514.06640625,-255432.203125,1,-2411554.25,-2115855.5,-1353013.5,1,3397704.5,7195547,8078649,1,8,5.646009922027588,5.345790386199951,1,0.00005054473876953125,0.4190332591533661,1.0448517799377441,1,0.000025429328161408193,1.110433578491211,1.4597123861312866,1,-127.22540283203125,6.357817649841309,17.608306884765625,1,-582.4964599609375,-6.702836513519287,-0.057437874376773834,1,1271.745361328125,8.269110679626465,13.570405960083008,1,-19.73750114440918,17.885303497314453,18.164012908935547,1,908.3762817382812,-5.763573169708252,0.8245410323143005,1,-1647.140380859375,22.879806518554688,7.046313762664795,1,840.8046264648438,33.130977630615234,37.23799514770508,1,13346.5693359375,-41099.109375,-53493.4140625,1,463440.75,-13470.638671875,-21759.3828125,1,-1237674.5,-31487.990234375,-87909.578125,1,1280343.125,2768136.75,2433875.25,1,8,5.037887096405029,4.2562336921691895,1,-0.00002288818359375,0.9957259893417358,1.6077131032943726,1,0.000048851961764739826,1.781948208808899,2.2047369480133057,1,154.35678100585938,1.7363700866699219,8.64853572845459,1,-618.1017456054688,-7.987710475921631,-5.2527174949646,1,1544.6724853515625,5.310139179229736,10.332449913024902,1,35.7135009765625,8.192065238952637,6.793435096740723,1,1197.7545166015625,-19.58512306213379,-9.590585708618164,1,-2026.6224365234375,12.537077903747559,-10.137260437011719,1,1009.458740234375,69.73477935791016,59.64691925048828,1,-18386.48046875,-7744.9970703125,-114109.8515625,1,410187.5625,16497.72265625,37655.71875,1,-1874092.5,140112.984375,-89936.6484375,1,2383179.25,4549875,4506759,1,8,5.098410129547119,4.359112739562988,1,0.00003337860107421875,0.39891672134399414,1.6249476671218872,1,0.00004936128243571147,0.10458079725503922,0.7387574315071106,1,-292.42041015625,12.55856990814209,4.111705780029297,1,172.25657653808594,-5.3461995124816895,-2.40923810005188,1,1719.2071533203125,13.028903007507324,2.856767416000366,1,96.0047836303711,-1.0025393962860107,3.563523530960083,1,340.9130859375,-12.816740036010742,-4.515829086303711,1,-1980.8111572265625,-112.28771209716797,-90.94941711425781,1,1192.0185546875,581.0737915039062,509.66729736328125,1,5495.53125,-86197.609375,-50423.98828125,1,893344.5625,-119925.4140625,24051.9375,1,-2668661.25,-1069399,-931719.1875,1,3512215.75,5628101.5,6118115.5,1,0,0,0,0,0,0,0,0,0,0,0,0,0,0,0,0,0,0,0,0,0,0,0,0,0,0,0,0,0,0,0,0,0,0,0,0,0,0,0,0,0,0,0,0,0,0,0,0,0,0,0,0,0,0,0,0,8,4.498941421508789,3.3942933082580566,1,0.0000476837158203125,-0.42136290669441223,0.42086830735206604,1,0.000066920489189215,0.44916200637817383,0.9054020643234253,1,-130.15396118164062,11.181324005126953,18.432703018188477,1,-1783.7908935546875,3.6854655742645264,0.7539018392562866,1,2062.072509765625,6.744275093078613,6.979099750518799,1,-77.13676452636719,-12.354914665222168,5.376296520233154,1,1706.839599609375,-25.18434715270996,-8.8495454788208,1,-2153.85693359375,-45.82817459106445,-22.005889892578125,1,1197.2276611328125,300.9565734863281,225.6483154296875,1,4790.9140625,-330923.78125,-52014.24609375,1,1106106.25,-642713.5625,-4171.4990234375,1,-2450742,-790445.375,-537574.9375,1,2919845,7655450,8547762,1,8,5.307772159576416,4.724470138549805,1,-0.0000324249267578125,-0.16859202086925507,1.0773956775665283,1,0.00005807242268929258,0.49434423446655273,0.821315348148346,1,-42.23061752319336,9.307716369628906,17.329858779907227,1,-2466.796630859375,2.9115405082702637,-0.05109182000160217,1,1780.335693359375,1.780369520187378,5.834658622741699,1,-213.16946411132812,13.307258605957031,-10.67765998840332,1,1990.34814453125,14.935648918151855,-24.694660186767578,1,-1739.7713623046875,-433.7044372558594,-148.93922424316406,1,1697.9591064453125,1236.853271484375,706.15478515625,1,-213771.4375,-110667.2265625,-398806.75,1,2114553.25,-180353.5625,-382883.6875,1,-2587659.75,-2754460,-2085911.375,1,4170771.75,8621081,9618063,1,8,5.646009922027588,5.345790386199951,1,0.00000667572021484375,0.4010523557662964,1.068852424621582,1,0.000026685846023610793,1.1135615110397339,1.5002394914627075,1,-43.205604553222656,6.854824066162109,18.38520622253418,1,-1241.65234375,-7.5238776206970215,-0.8049670457839966,1,1333.35595703125,8.678284645080566,13.958582878112793,1,-59.22771072387695,18.91534423828125,18.388351440429688,1,1456.3482666015625,-6.607001304626465,-0.5682319402694702,1,-1390.108642578125,24.579151153564453,5.606917381286621,1,764.6464233398438,33.04594802856445,43.934051513671875,1,-41399.3046875,-6671.85986328125,-56436.625,1,758957.1875,13495.625,-9773.5029296875,1,-940325.5,119834.7109375,-90659.09375,1,1932693.875,3139045.75,3125040.5,1,8,5.037887096405029,4.2562336921691895,1,-0.0000171661376953125,0.9814625382423401,1.657500147819519,1,0.00005857144424226135,1.7864713668823242,2.276308298110962,1,318.9420166015625,2.0616278648376465,9.199195861816406,1,-1721.687744140625,-8.814345359802246,-5.752684116363525,1,2519.699951171875,5.571778774261475,10.699366569519043,1,89.30183410644531,6.16602897644043,3.4560863971710205,1,1303.161865234375,-20.293323516845703,-9.806644439697266,1,-1241.6258544921875,11.525888442993164,-16.324785232543945,1,1397.233642578125,87.9013442993164,82.39033508300781,1,-54298.203125,-130983.25,-263883.6875,1,1543086,43325.484375,39280.0390625,1,-2140048.5,-19816.64453125,-290921.75,1,2938508,5763647.5,5709157,1,8,5.098410129547119,4.359112739562988,1,-0.0000896453857421875,0.38419026136398315,1.6768527030944824,1,0.00005807242268929258,0.10412801802158356,0.8194484710693359,1,-93.64189147949219,13.356382369995117,3.7735750675201416,1,-1977.890625,-6.643745422363281,-2.495797634124756,1,1879.7318115234375,14.018937110900879,2.751760482788086,1,-22.284866333007812,-5.203856945037842,-16.39952850341797,1,1558.1441650390625,-20.876848220825195,-2.273991107940674,1,-1776.0225830078125,-163.53582763671875,-193.7693328857422,1,1276.9691162109375,741.680419921875,765.7994384765625,1,62514.85546875,-117836.6796875,-182478.515625,1,1382235.375,-150277.53125,40442.51953125,1,-2552330.5,-1652698.625,-1714939.75,1,4401358.5,7832430.5,7692238.5,1,0,0,0,0,0,0,0,0,0,0,0,0,0,0,0,0,0,0,0,0,0,0,0,0,0,0,0,0,0,0,0,0,0,0,0,0,0,0,0,0,0,0,0,0,0,0,0,0,0,0,0,0,0,0,0,0,1,1,1,0,0,0,0,0,1,1,1,0,0,0,0,0,0,0,0,0,1,1,1,0,0,0,0,0,0,0,0,0,0,0,0,0,1,1,1,0,0,0,0,0,0,0,0,0,0,0,0,0,0,0,0,0,1,1,1,0,0,0,0,0,1,1,1,0,0,0,0,0,0,0,0,0,1,1,1,0,0,0,0,0,0,0,0,0,0,0,0,0,1,1,1,0,0,0,0,0,0,0,0,0,0,0,0,0,0,0,0,0,1,1,1,0,0,0,0,0,1,1,1,0,0,0,0,0,0,0,0,0,1,1,1,0,0,0,0,0,0,0,0,0,0,0,0,0,1,1,1,0,0,0,0,0,0,0,0,0,0,0,0,0,0,0,0,0,1,1,1,0,0,0,0,0,1,1,1,0,0,0,0,0,0,0,0,0,1,1,1,0,0,0,0,0,0,0,0,0,0,0,0,0,1,1,1,0,0,0,0,0,0,0,0,0,0,0,0,0,0,0,0,0,1,1,1,0,0,0,0,0,1,1,1,0,0,0,0,0,0,0,0,0,1,1,1,0,0,0,0,0,0,0,0,0,0,0,0,0,1,1,1,0,0,0,0,0,0,0,0,0,0,0,0,0,0,0,0,0,0,0,0,0,0,0,0,0,0,0,0,0,0,0,0,0,0,0,0,0,0,0,0,0,0,0,0,0,0,0,0,0,0,0,0,0,0,0,0,0,0,0,0,0,0,0,0,0,0,0,0,0,0,0,0,0,1,1,1,0,0,0,0,0,1,1,1,0,0,0,0,0,0,0,0,0,1,1,1,0,0,0,0,0,0,0,0,0,0,0,0,0,1,1,1,0,0,0,0,0,0,0,0,0,0,0,0,0,0,0,0,0,1,1,1,0,0,0,0,0,1,1,1,0,0,0,0,0,0,0,0,0,1,1,1,0,0,0,0,0,0,0,0,0,0,0,0,0,1,1,1,0,0,0,0,0,0,0,0,0,0,0,0,0,0,0,0,0,1,1,1,0,0,0,0,0,1,1,1,0,0,0,0,0,0,0,0,0,1,1,1,0,0,0,0,0,0,0,0,0,0,0,0,0,1,1,1,0,0,0,0,0,0,0,0,0,0,0,0,0,0,0,0,0,1,1,1,0,0,0,0,0,1,1,1,0,0,0,0,0,0,0,0,0,1,1,1,0,0,0,0,0,0,0,0,0,0,0,0,0,1,1,1,0,0,0,0,0,0,0,0,0,0,0,0,0,0,0,0,0,1,1,1,0,0,0,0,0,1,1,1,0,0,0,0,0,0,0,0,0,1,1,1,0,0,0,0,0,0,0,0,0,0,0,0,0,1,1,1,0,0,0,0,0,0,0,0,0,0,0,0,0,0,0,0,0,0,0,0,0,0,0,0,0,0,0,0,0,0,0,0,0,0,0,0,0,0,0,0,0,0,0,0,0,0,0,0,0,0,0,0,0,0,0,0,0,0,0,0,0,0,0,0,0,0,0,0,0,0,0,0,0,1,1,1,0,0,0,0,0,1,1,1,0,0,0,0,0,0,0,0,0,1,1,1,0,0,0,0,0,0,0,0,0,0,0,0,0,1,1,1,0,0,0,0,0,0,0,0,0,0,0,0,0,0,0,0,0,1,1,1,0,0,0,0,0,1,1,1,0,0,0,0,0,0,0,0,0,1,1,1,0,0,0,0,0,0,0,0,0,0,0,0,0,1,1,1,0,0,0,0,0,0,0,0,0,0,0,0,0,0,0,0,0,1,1,1,0,0,0,0,0,1,1,1,0,0,0,0,0,0,0,0,0,1,1,1,0,0,0,0,0,0,0,0,0,0,0,0,0,1,1,1,0,0,0,0,0,0,0,0,0,0,0,0,0,0,0,0,0,1,1,1,0,0,0,0,0,1,1,1,0,0,0,0,0,0,0,0,0,1,1,1,0,0,0,0,0,0,0,0,0,0,0,0,0,1,1,1,0,0,0,0,0,0,0,0,0,0,0,0,0,0,0,0,0,1,1,1,0,0,0,0,0,1,1,1,0,0,0,0,0,0,0,0,0,1,1,1,0,0,0,0,0,0,0,0,0,0,0,0,0,1,1,1,0,0,0,0,0,0,0,0,0,0,0,0,0,0,0,0,0,0,0,0,0,0,0,0,0,0,0,0,0,0,0,0,0,0,0,0,0,0,0,0,0,0,0,0,0,0,0,0,0,0,0,0,0,0,0,0,0,0,0,0,0,0,0,0,0,0,0,0,0,0,0,0,0]}}