tauArnoldiCoeffTex [14 x 54] 15
    8.0000     4.3825     3.2208     1.0000     0.0000     0.1765     1.4315     1.0000     0.0000     0.6575     1.2769     1.0000   -10.0524    15.7861    26.0888     1.0000 -1452.9420     4.3616     7.9193     1.0000  1305.3757    14.4790    12.7309     1.0000  -170.5961    11.8079    10.7280     1.0000  2218.5559    13.0710     0.5382     1.0000 -1872.7722     2.7843    -5.0794     1.0000  1351.6370    73.8978   100.6949     1.0000 -100558.3047 -69349.8516 -214461.9063     1.0000 1245456.5000 -123625.3750 -277407.7188     1.0000 -1242409.7500 -182662.4531 -420075.7500     1.0000 2393526.2500 6411906.5000 5867248.5000     1.0000
    8.0000     4.6662     3.6513     1.0000     0.0000    -0.9523    -0.0058     1.0000     0.0001     2.2317     1.7132     1.0000  -165.9569    -5.2083   -16.9357     1.0000  -339.0861    -7.7067   -10.2717     1.0000  1431.1763    10.2766    12.0769     1.0000   -20.3900    10.3365    39.6152     1.0000  1180.6200   -13.4255   -43.5961     1.0000 -2189.0388   -22.1560   -54.4676     1.0000   838.5696    55.7068   115.3709     1.0000 -99598.8594 52448.4297 158479.5938     1.0000 1368874.0000  3543.4570 -234128.7188     1.0000 -1556253.3750  6861.1904 -95619.1953     1.0000 1746864.1250 4164762.0000 4114004.2500     1.0000
    8.0000     4.7236     3.7418     1.0000     0.0000     0.4990     1.1425     1.0000     0.0000     0.8523     1.5813     1.0000    19.7117    -0.8415    -0.2756     1.0000 -1752.3258    -5.6275    -2.7644     1.0000  1287.9087     3.0160     4.0653     1.0000   -96.4992    -6.7868   -17.2095     1.0000  1640.7656    -5.0680     9.2261     1.0000 -1602.6300    -9.8687   -40.6310     1.0000  1503.9464   323.1235   253.3960     1.0000 -105092.3750   -67.3910 -173993.0625     1.0000 1581695.7500  9534.8584 128512.9297     1.0000 -1640859.0000 -376216.0938 -463016.5625     1.0000 2757985.7500 6955690.0000 6327030.5000     1.0000
    8.0000     4.0898     2.8050     1.0000     0.0000    -0.3804     0.5099     1.0000     0.0000     1.1126     1.0270     1.0000   -45.7506    -6.6172   -22.6882     1.0000 -1411.2039    -9.7922    -1.5694     1.0000  1827.1404     9.0468    15.5908     1.0000    10.3815    12.6792    45.7456     1.0000  1320.8613   -16.7950   -59.7733     1.0000 -1881.5770   -32.1399   -36.2115     1.0000  1123.5060   176.5614   201.9019     1.0000 -49917.3516 122221.5156 178840.6094     1.0000 1268932.7500 -47712.1133 -374431.3125     1.0000 -2235318.0000 -315802.1875 -278144.6875     1.0000 2938912.7500 7733493.0000 6902255.5000     1.0000
    8.0000     5.2817     4.6782     1.0000    -0.0000     0.4106     1.9823     1.0000     0.0000     0.7139     1.2622     1.0000   176.5283    13.7275    23.7256     1.0000  -675.3359     9.0914    11.1804     1.0000  1609.9534     6.1007     7.7448     1.0000    30.0072    13.2023    13.3958     1.0000  1083.3218    19.1352     8.9174     1.0000 -1114.8486    -8.2075    -4.0803     1.0000  1090.1583    90.3209    80.9726     1.0000 -55502.0586 -45772.9180 -114347.4375     1.0000 955055.3125 -88313.4844 -164993.6875     1.0000 -1362893.0000 -158039.9219 -233598.4688     1.0000 1803222.2500 3759832.7500 3262159.7500     1.0000
    8.0000     5.4638     5.0063     1.0000     0.0000     0.5446     2.2572     1.0000     0.0000     0.4514     0.5531     1.0000  -117.3424     6.2986    11.3453     1.0000 -1828.5438    -0.1051    -1.6231     1.0000  1611.2969     2.6560     3.6493     1.0000   -72.3172    -6.4810     3.5461     1.0000  1345.1666   -15.0831    -4.0868     1.0000 -1658.6295  -168.2929  -237.6419     1.0000  1093.6024   699.9160   835.5948     1.0000 58918.7578 -52932.7656  4316.2598     1.0000 921564.8125 -62718.9531 -9942.2646     1.0000 -1862369.1250 -1201523.6250 -1446221.3750     1.0000 1694035.7500 5540128.5000 5737721.5000     1.0000
    8.0000     4.3825     3.2208     1.0000     0.0000     0.2081     1.4842     1.0000     0.0000     0.6597     1.2762     1.0000   -60.3590    15.8757    26.2619     1.0000 -1177.9384     4.0989     7.9414     1.0000  1460.8030    14.6593    13.0119     1.0000   -77.8499    11.5255     9.2225     1.0000  1678.4565    11.6764    -2.0932     1.0000 -1808.9340     2.5700    -7.1218     1.0000  1140.8060    70.6381   101.9030     1.0000 -67450.1875 -78830.0938 -245598.3750     1.0000 1326099.5000 -142320.4063 -324146.0000     1.0000 -1841728.1250 -187390.2031 -456333.4063     1.0000 2784600.2500 6277203.0000 5616459.5000     1.0000
    8.0000     4.6662     3.6513     1.0000     0.0000    -0.9226     0.0437     1.0000     0.0000     2.2177     1.7077     1.0000  -182.1414    -5.2249   -17.1265     1.0000 -1081.8949    -7.7499   -10.1640     1.0000  1911.2543    10.2703    12.2532     1.0000   -53.8127    10.4438    39.6279     1.0000  1184.4359   -13.5086   -44.0656     1.0000 -1256.5658   -22.4048   -54.0665     1.0000  1026.0314    54.8383   111.0591     1.0000 -52442.9648 52598.6719 168038.8438     1.0000 1379130.7500  4370.4492 -248824.8906     1.0000 -1232252.3750 11659.8887 -86675.2109     1.0000 2408414.5000 4062646.2500 3888027.2500     1.0000
    8.0000     4.7236     3.7418     1.0000     0.0000     0.5283     1.1914     1.0000     0.0000     0.8662     1.5937     1.0000   181.5763    -0.8776    -0.3552     1.0000 -2124.3333    -5.5968    -2.7619     1.0000  1795.9087     2.8668     4.0692     1.0000    91.1036    -7.8235   -16.2298     1.0000  1436.4275    -4.7842     8.6112     1.0000  -958.2976   -19.5092   -41.1648     1.0000  1554.2223   363.6184   260.2001     1.0000 -88531.5313  -937.5226 -146679.1875     1.0000 1367306.1250  7243.5137 111672.4688     1.0000 -1975738.5000 -477331.1250 -476722.1875     1.0000 2698409.2500 6818548.0000 6567239.0000     1.0000
    8.0000     4.0898     2.8050     1.0000     0.0000    -0.3466     0.5664     1.0000     0.0000     1.0976     1.0305     1.0000   -85.9510    -6.7008   -22.8433     1.0000 -1721.2756    -9.8651    -1.2559     1.0000  1535.2971     9.1888    15.6591     1.0000   -78.8436    10.6509    44.8198     1.0000  1486.7026   -16.1445   -58.1863     1.0000 -1770.0389   -30.3593   -34.9422     1.0000  1175.2557   160.3329   193.2972     1.0000 27789.3398 89327.7969 173031.7656     1.0000 740606.6250 -32548.0801 -367108.6563     1.0000 -2273244.5000 -273418.4063 -256767.0625     1.0000 2944817.0000 7797389.5000 6887932.5000     1.0000
    8.0000     5.2817     4.6782     1.0000    -0.0000     0.4368     2.0260     1.0000     0.0000     0.7093     1.2576     1.0000    85.9606    13.9018    23.8890     1.0000 -1096.0548     9.1037    11.2255     1.0000  1335.1815     6.3239     7.9132     1.0000    72.2380    11.7867    12.7468     1.0000  1057.4121    16.6765     8.1243     1.0000 -1290.2501    -9.6106    -3.9675     1.0000  1004.1411   101.8334    79.4611     1.0000 53221.1641 -67547.0000 -139246.7500     1.0000 957866.5000 -131195.4844 -203626.1719     1.0000 -1222202.2500 -207016.3125 -255091.0469     1.0000 1657672.0000 3896811.5000 3323149.0000     1.0000
    8.0000     5.4638     5.0063     1.0000     0.0000     0.5700     2.2995     1.0000     0.0000     0.4409     0.5533     1.0000  -214.9954     6.4649    11.2485     1.0000  -982.0904    -0.0674    -1.7435     1.0000  1967.4655     2.6674     3.6593     1.0000   -82.6867    -7.0369     8.2390     1.0000  1308.3041   -15.3442    -0.2203     1.0000 -1339.6770  -205.1507  -239.1358     1.0000  1354.7885   777.1003   849.1590     1.0000 -18044.1484 -65623.9609  5367.0112     1.0000 1495201.0000 -77975.9375 -8635.5117     1.0000 -2057661.1250 -1336879.6250 -1453895.3750     1.0000 2728144.7500 5436619.0000 5611852.0000     1.0000
    8.0000     4.3825     3.2208     1.0000     0.0000     0.1965     1.4715     1.0000     0.0000     0.6576     1.2769     1.0000    54.8851    15.9446    26.2792     1.0000  -816.7329     4.5369     8.0741     1.0000  1554.4445    14.6081    12.8748     1.0000   -41.7320    11.6726     9.7491     1.0000  1914.4403    12.5694    -1.0792     1.0000 -1481.6497     2.8353    -6.4476     1.0000  1109.5768    58.0143   101.2655     1.0000 -150617.2500 -23169.1641 -230077.3125     1.0000 3114293.0000 -38010.9336 -301871.2500     1.0000 -2026449.8750 -88944.2969 -437089.7188     1.0000 2548381.2500 6257513.0000 5710745.5000     1.0000
    8.0000     4.6662     3.6513     1.0000     0.0000    -0.9323     0.0342     1.0000     0.0000     2.2317     1.7132     1.0000  -185.3817    -5.2190   -17.0568     1.0000  -576.9932    -7.7160   -10.2092     1.0000  1586.9994    10.2620    12.1959     1.0000   -59.6569    10.3461    38.9064     1.0000  1206.3217   -13.4605   -43.0586     1.0000 -1717.8225   -22.2341   -54.3227     1.0000  1061.6824    53.6423   116.2922     1.0000 -107827.2734 57725.1445 155400.5625     1.0000 1541998.2500  3271.9873 -229328.7500     1.0000 -1715385.2500 13662.7695 -104238.4844     1.0000 1976428.5000 3979029.0000 4223157.0000     1.0000
    8.0000     4.7236     3.7418     1.0000     0.0000     0.5190     1.1825     1.0000     0.0000     0.8523     1.5813     1.0000    30.9852    -0.8872    -0.3370     1.0000 -2333.0193    -5.6200    -2.7556     1.0000  1384.8866     3.0164     4.0694     1.0000   -40.9113    -7.8639   -17.4545     1.0000  1330.7572    -4.3599     9.3576     1.0000 -1769.9061   -10.2508   -38.8632     1.0000  1112.4327   310.8563   240.2142     1.0000 -2042.3984 -38133.9258 -211921.9375     1.0000 925801.1875 36040.7227 151973.1406     1.0000 -1968432.6250 -389646.9375 -455972.7188     1.0000 2993014.7500 6759996.0000 6336180.0000     1.0000
    8.0000     4.0898     2.8050     1.0000     0.0000    -0.3604     0.5499     1.0000     0.0000     1.1126     1.0270     1.0000   -87.9154    -6.6471   -22.8416     1.0000 -1285.6648    -9.7956    -1.4611     1.0000  1635.5573     9.0613    15.6998     1.0000  -145.8883    11.3424    43.5608     1.0000  1640.5200   -16.2956   -56.1864     1.0000 -1633.6265   -30.6552   -36.1417     1.0000  1209.0321   162.8866   200.7756     1.0000 -219024.9844 90154.4219 146984.2188     1.0000 1838072.8750 -32813.6172 -318520.5000     1.0000 -1858370.1250 -276527.5313 -287331.3750     1.0000 3474765.7500 7773101.0000 7078778.5000     1.0000
    8.0000     5.2817     4.6782     1.0000    -0.0000     0.4306     2.0223     1.0000     0.0000     0.7139     1.2622     1.0000    91.3690    13.8339    23.8500     1.0000 -1013.9675     9.1762    11.2466     1.0000  1097.6115     6.1139     7.7720     1.0000    93.8740    13.4813    14.4538     1.0000  1056.6973    19.8421    10.8519     1.0000 -1248.3080    -7.6001    -2.1807     1.0000   978.8806    88.0810    75.0495     1.0000 11622.6758 -43000.5273 -105412.5391     1.0000 621419.1875 -82749.3906 -148728.8594     1.0000 -1117081.2500 -157259.2500 -218044.0781     1.0000 1480798.8750 3785673.5000 3309908.2500     1.0000
    8.0000     5.4638     5.0063     1.0000     0.0000     0.5647     2.2972     1.0000     0.0000     0.4514     0.5531     1.0000  -161.1784     6.3331    11.3657     1.0000  -856.5688    -0.1168    -1.6440     1.0000  2035.8033     2.6270     3.5910     1.0000   -34.8640     3.3425    18.6970     1.0000  1356.0122    -2.5847     7.6905     1.0000 -1659.8427  -179.7630  -153.6852     1.0000  1207.8655   753.0987   714.6983     1.0000 -4413.2129 -12586.3789 71291.6250     1.0000 1551857.6250 -12260.1836 38809.8438     1.0000 -1835351.3750 -1277042.6250 -1142004.8750     1.0000 2236522.0000 5668324.0000 5869916.0000     1.0000
    8.0000     4.3825     3.2208     1.0000     0.0000     0.1907     1.4631     1.0000     0.0000     0.6589     1.2792     1.0000  -347.0028    15.8620    26.2340     1.0000   792.6887     4.4825     8.0622     1.0000  2261.9902    14.4678    12.7866     1.0000   191.8611    12.4544    10.9320     1.0000  -247.0278    14.4988     0.8450     1.0000 -2389.2334     3.8710    -4.9626     1.0000  1117.1964    67.0073   102.1718     1.0000 100816.0781 -54242.3086 -197765.5156     1.0000 942753.9375 -94242.1484 -254009.5781     1.0000 -2189588.7500 -149602.8438 -403627.9375     1.0000 3105184.2500 6377019.0000 5884898.0000     1.0000
    8.0000     4.6662     3.6513     1.0000     0.0000    -0.9371     0.0279     1.0000     0.0000     2.2345     1.7141     1.0000    33.8485    -5.2011   -17.0072     1.0000 -1619.5591    -7.7082   -10.2564     1.0000  1537.7667    10.2682    12.1590     1.0000   -51.7608     9.4274    37.8755     1.0000  1513.5380   -13.3082   -41.7074     1.0000  -942.6035   -22.3586   -53.7994     1.0000  1159.9003    51.3371   111.6585     1.0000 -54701.7695 20471.8887 147717.7656     1.0000 1735236.5000  8424.3086 -221491.8125     1.0000 -793536.9375  8721.1514 -92171.0000     1.0000 2348047.0000 3988216.7500 4207582.5000     1.0000
    8.0000     4.7236     3.7418     1.0000     0.0000     0.5143     1.1766     1.0000     0.0000     0.8486     1.5763     1.0000   -67.9179    -0.8523    -0.2861     1.0000 -1584.8987    -5.6430    -2.7707     1.0000  1316.4095     3.0318     4.0784     1.0000   -18.0276    -7.8065   -16.5847     1.0000  1165.6052    -4.4201     8.8296     1.0000 -1882.4032   -16.5975   -39.3470     1.0000  1058.4785   345.3245   245.7796     1.0000 -8723.7070 -27523.7422 -160158.4219     1.0000 728188.4375 27258.3281 121190.2969     1.0000 -2030202.8750 -483595.1563 -444086.1563     1.0000 2980027.5000 6911448.0000 6407422.0000     1.0000
    8.0000     4.0898     2.8050     1.0000     0.0000    -0.3672     0.5394     1.0000     0.0000     1.1147     1.0247     1.0000   -50.2775    -6.6275   -22.8430     1.0000  -684.8372    -9.7863    -1.5221     1.0000  1602.7352     9.0513    15.7147     1.0000   -35.8924    11.8499    43.8242     1.0000  1059.5814   -16.4423   -56.6907     1.0000 -2069.7214   -31.3227   -35.5866     1.0000  1172.5880   168.6842   193.0308     1.0000 -134880.1406 116403.8594 160920.2031     1.0000 601867.0625 -44041.4219 -345338.4375     1.0000 -2624036.2500 -300247.6875 -266571.1875     1.0000 3353327.0000 7771777.0000 6973839.5000     1.0000
    8.0000     5.2817     4.6782     1.0000    -0.0000     0.4278     2.0204     1.0000     0.0000     0.7174     1.2670     1.0000   125.6258    13.8218    23.8587     1.0000  -849.6628     9.1999    11.2899     1.0000  1670.9027     6.0728     7.7453     1.0000   108.9144    12.4807    14.1155     1.0000  1195.1743    17.7172    10.1488     1.0000 -1032.1736   -10.1682    -2.8052     1.0000   887.3199   103.8977    74.2970     1.0000 79503.1406 -63260.1797 -110338.4063     1.0000 1060777.1250 -122415.2891 -157094.2813     1.0000 -1004488.5625 -208356.7969 -223640.1563     1.0000 1441844.3750 3845412.0000 3348166.5000     1.0000
    8.0000     5.4638     5.0063     1.0000     0.0000     0.5624     2.2966     1.0000     0.0000     0.4560     0.5554     1.0000  -237.2025     6.3519    11.5278     1.0000  -674.5173    -0.0871    -1.5680     1.0000  1807.7217     2.6373     3.6855     1.0000   -49.6797    -7.7432     0.4161     1.0000  1153.6710   -16.4986    -6.5052     1.0000 -1484.6177  -166.5636  -168.5627     1.0000  1235.8984   692.5490   679.8416     1.0000 14584.3242 -82734.4688 -54990.4805     1.0000 1103461.6250 -99839.2031 -58987.9648     1.0000 -1938759.1250 -1194927.5000 -1216721.8750     1.0000 2897727.5000 5382642.0000 5536354.0000     1.0000
    8.0000     4.3825     3.2208     1.0000     0.0000     0.1873     1.4572     1.0000     0.0000     0.6600     1.2810     1.0000     0.4169    15.9096    26.2503     1.0000 -1756.8408     4.5919     8.1035     1.0000  1396.7177    14.5211    12.7915     1.0000     0.5200    10.8432     9.9136     1.0000  1395.8278    11.1924    -0.7437     1.0000 -1931.9401     1.3981    -6.3638     1.0000   860.6259    67.7462   103.3342     1.0000    -3.5723 -113927.8672 -220457.3750     1.0000 598318.9375 -209393.2969 -289249.2500     1.0000 -1719686.6250 -227234.1875 -430931.3750     1.0000 3085928.7500 6216486.5000 5817135.0000     1.0000
    8.0000     4.6662     3.6513     1.0000     0.0000    -0.9400     0.0233     1.0000     0.0001     2.2349     1.7136     1.0000  -119.7935    -5.2139   -17.0219     1.0000  -700.1981    -7.7027   -10.2403     1.0000  1520.9630    10.2652    12.1583     1.0000   -88.9259    10.5701    39.4940     1.0000  1540.0837   -13.4609   -43.6239     1.0000 -2041.1713   -22.2333   -55.0086     1.0000   860.4944    57.6230   120.9682     1.0000 -123742.4609 72608.1875 156272.5313     1.0000 1560930.2500  1142.7334 -227945.1250     1.0000 -1539626.5000  6219.2104 -114910.7188     1.0000 1792242.8750 4251663.5000 4260544.0000     1.0000
    8.0000     4.7236     3.7418     1.0000     0.0000     0.5115     1.1724     1.0000     0.0000     0.8474     1.5741     1.0000   -51.6739    -0.8158    -0.2503     1.0000  -860.8702    -5.6697    -2.7805     1.0000  1788.7275     3.0454     4.0856     1.0000    26.2512    -8.4837   -17.8205     1.0000  1230.1696    -3.8965     9.4800     1.0000 -2125.7366   -24.1120   -41.0049     1.0000  1106.7100   385.4799   251.5437     1.0000 38369.9297  3864.0093 -181218.2188     1.0000 918844.8125  4599.5864 132014.8906     1.0000 -2171592.5000 -541430.1250 -464785.1250     1.0000 2873935.2500 6876610.5000 6315637.5000     1.0000
    8.0000     4.0898     2.8050     1.0000     0.0000    -0.3710     0.5323     1.0000     0.0000     1.1145     1.0233     1.0000    21.9139    -6.6060   -22.8045     1.0000 -1926.4834    -9.7871    -1.5821     1.0000  1535.9159     9.0394    15.7066     1.0000    11.1316    11.1506    43.2564     1.0000  1511.6063   -16.0674   -55.6580     1.0000 -1761.9681   -30.7249   -36.6535     1.0000  1082.3617   165.6521   203.0522     1.0000 -75735.9688 94420.9531 146217.5000     1.0000 713814.7500 -34036.6563 -316412.6875     1.0000 -2331130.5000 -283768.8125 -294625.3750     1.0000 3693035.2500 7766214.0000 7089060.0000     1.0000
    8.0000     5.2817     4.6782     1.0000    -0.0000     0.4263     2.0196     1.0000     0.0000     0.7199     1.2712     1.0000   154.0486    13.8169    23.8695     1.0000 -1365.4277     9.2014    11.3161     1.0000  1359.1788     6.0601     7.7327     1.0000    25.6428    12.0374    13.3146     1.0000   802.9301    16.8494     8.8402     1.0000  -856.9265    -8.8929    -3.6227     1.0000   988.4712    79.8030    72.3253     1.0000 -66329.0313 -98402.1563 -137023.6250     1.0000 722774.5000 -190729.5000 -199267.7344     1.0000 -1175098.8750 -200596.3750 -246831.7656     1.0000 1637288.6250 3751667.5000 3261968.0000     1.0000
    8.0000     5.4638     5.0063     1.0000     0.0000     0.5615     2.2972     1.0000     0.0000     0.4586     0.5580     1.0000    -0.6183     6.4561    11.7589     1.0000 -1579.1929     0.0346    -1.4455     1.0000  1346.0812     2.6735     3.8463     1.0000    10.9367   -15.3693    -4.8302     1.0000  1092.3673   -26.6297   -11.4951     1.0000 -1775.2501  -166.3367  -164.0577     1.0000  1110.2518   661.0084   648.0709     1.0000 119106.8281 -93368.0859 -51673.8359     1.0000 713957.6250 -114165.9297 -57906.4258     1.0000 -2693543.0000 -1164484.6250 -1165499.1250     1.0000 2614408.0000 5415563.0000 5607923.0000     1.0000
    8.0000     4.3825     3.2208     1.0000     0.0001     0.1766     1.5305     1.0000     0.0001     0.6575     1.3045     1.0000    -4.3729    17.2659    27.8386     1.0000 -1300.1062     4.2495     7.1553     1.0000  1528.8256    15.8902    13.9647     1.0000   -24.7836    11.3208     9.0712     1.0000  1676.5933    11.7636    -4.3148     1.0000 -1926.7485     0.7699    -8.9671     1.0000  1632.6447    93.6222   120.3158     1.0000 -67505.2422 -80722.7344 -267163.0625     1.0000 1799386.3750 -144167.9688 -326995.2188     1.0000 -2307245.7500 -237495.4219 -543540.5625     1.0000 2791095.0000 7922978.5000 7237613.5000     1.0000
    8.0000     4.6662     3.6513     1.0000    -0.0001    -0.9524     0.0836     1.0000     0.0000     2.2317     1.6835     1.0000  -175.4044    -5.7806   -19.8673     1.0000 -1539.1698    -8.7152   -10.9361     1.0000  1904.1901    10.8192    13.9972     1.0000   -95.7177    11.8227    40.7532     1.0000  1547.6792   -14.3684   -46.7918     1.0000 -1537.5164   -24.8658   -59.4287     1.0000  1119.6039    69.1750   131.2760     1.0000 -48096.3945 109416.6641 193055.4375     1.0000 1423517.7500  -705.6149 -302031.5313     1.0000 -1518640.1250  3479.0823 -167905.2500     1.0000 1913526.2500 5713993.5000 5489169.5000     1.0000
    8.0000     4.7236     3.7418     1.0000     0.0000     0.4990     1.2357     1.0000     0.0000     0.8523     1.6585     1.0000   -40.0399    -0.8105    -0.3165     1.0000 -2035.1367    -6.2812    -2.9558     1.0000  1640.0300     3.4229     4.2740     1.0000   -69.6980   -17.1004   -20.0984     1.0000  1727.7347     1.8725    10.8855     1.0000 -1820.1089   -46.4550   -53.0469     1.0000  1319.4266   500.2003   325.9549     1.0000 -14168.6758 -77686.2422 -188039.3750     1.0000 1215353.1250 65137.1172 140336.5938     1.0000 -2376028.0000 -856112.7500 -664008.6875     1.0000 3922807.2500 8330164.0000 7979384.0000     1.0000
    8.0000     4.0898     2.8050     1.0000    -0.0001    -0.3806     0.6190     1.0000     0.0000     1.1126     1.0538     1.0000   284.1473    -7.5250   -25.5051     1.0000   166.5285   -11.0896    -0.4343     1.0000  1702.9940     9.9923    17.3192     1.0000   -58.9732    11.8044    45.1399     1.0000   747.3537   -18.0696   -55.1868     1.0000 -2636.5896   -34.8885   -39.4029     1.0000  1268.4463   201.5335   232.9262     1.0000 221712.7500 135779.4844 147306.5313     1.0000 2835647.5000 -50948.0117 -340396.1875     1.0000 -3678035.5000 -414579.1250 -391728.5000     1.0000 3847886.7500 10057277.0000 9428797.0000     1.0000
    8.0000     5.2817     4.6782     1.0000     0.0000     0.4106     2.0552     1.0000     0.0000     0.7139     1.2608     1.0000   200.4320    14.6095    25.2217     1.0000  -442.2335     9.2538    10.9673     1.0000  1660.1984     6.5722     8.7101     1.0000    53.0775    11.5708    12.5014     1.0000  1162.0007    16.6465     6.9670     1.0000 -1678.1893   -13.1967    -4.0563     1.0000  1025.3542   133.7363    93.2972     1.0000 56999.0508 -81739.0938 -140345.9531     1.0000 1336544.3750 -157560.7969 -196388.7344     1.0000 -1622276.5000 -283289.4375 -290451.4063     1.0000 1755523.8750 4768462.5000 4178892.5000     1.0000
    8.0000     5.4638     5.0063     1.0000    -0.0001     0.5445     2.3361     1.0000     0.0001     0.4514     0.5901     1.0000   241.3430     6.6852    11.0573     1.0000 -1960.9447    -0.2583    -2.1636     1.0000  2156.6870     2.8828     3.3981     1.0000   166.5325   -10.6409    -2.6596     1.0000  1150.1389   -21.3474    -8.7612     1.0000 -1019.0191  -175.6979  -196.2627     1.0000  1736.2953   740.3796   748.4395     1.0000  9091.4268 -87906.1797 -34089.7109     1.0000 2256964.2500 -105840.7656 -46434.5234     1.0000 -2436044.5000 -1457715.3750 -1445236.0000     1.0000 2711947.0000 7002838.5000 6810784.0000     1.0000
    1.0000     1.0000     1.0000     0.0000     0.0000     0.0000     0.0000     0.0000     1.0000     1.0000     1.0000     0.0000     0.0000     0.0000     0.0000     0.0000     0.0000     0.0000     0.0000     0.0000     1.0000     1.0000     1.0000     0.0000     0.0000     0.0000     0.0000     0.0000     0.0000     0.0000     0.0000     0.0000     0.0000     0.0000     0.0000     0.0000     1.0000     1.0000     1.0000     0.0000     0.0000     0.0000     0.0000     0.0000     0.0000     0.0000     0.0000     0.0000     0.0000     0.0000     0.0000     0.0000     0.0000     0.0000     0.0000     0.0000
    1.0000     1.0000     1.0000     0.0000     0.0000     0.0000     0.0000     0.0000     1.0000     1.0000     1.0000     0.0000     0.0000     0.0000     0.0000     0.0000     0.0000     0.0000     0.0000     0.0000     1.0000     1.0000     1.0000     0.0000     0.0000     0.0000     0.0000     0.0000     0.0000     0.0000     0.0000     0.0000     0.0000     0.0000     0.0000     0.0000     1.0000     1.0000     1.0000     0.0000     0.0000     0.0000     0.0000     0.0000     0.0000     0.0000     0.0000     0.0000     0.0000     0.0000     0.0000     0.0000     0.0000     0.0000     0.0000     0.0000
    1.0000     1.0000     1.0000     0.0000     0.0000     0.0000     0.0000     0.0000     1.0000     1.0000     1.0000     0.0000     0.0000     0.0000     0.0000     0.0000     0.0000     0.0000     0.0000     0.0000     1.0000     1.0000     1.0000     0.0000     0.0000     0.0000     0.0000     0.0000     0.0000     0.0000     0.0000     0.0000     0.0000     0.0000     0.0000     0.0000     1.0000     1.0000     1.0000     0.0000     0.0000     0.0000     0.0000     0.0000     0.0000     0.0000     0.0000     0.0000     0.0000     0.0000     0.0000     0.0000     0.0000     0.0000     0.0000     0.0000
    1.0000     1.0000     1.0000     0.0000     0.0000     0.0000     0.0000     0.0000     1.0000     1.0000     1.0000     0.0000     0.0000     0.0000     0.0000     0.0000     0.0000     0.0000     0.0000     0.0000     1.0000     1.0000     1.0000     0.0000     0.0000     0.0000     0.0000     0.0000     0.0000     0.0000     0.0000     0.0000     0.0000     0.0000     0.0000     0.0000     1.0000     1.0000     1.0000     0.0000     0.0000     0.0000     0.0000     0.0000     0.0000     0.0000     0.0000     0.0000     0.0000     0.0000     0.0000     0.0000     0.0000     0.0000     0.0000     0.0000
    1.0000     1.0000     1.0000     0.0000     0.0000     0.0000     0.0000     0.0000     1.0000     1.0000     1.0000     0.0000     0.0000     0.0000     0.0000     0.0000     0.0000     0.0000     0.0000     0.0000     1.0000     1.0000     1.0000     0.0000     0.0000     0.0000     0.0000     0.0000     0.0000     0.0000     0.0000     0.0000     0.0000     0.0000     0.0000     0.0000     1.0000     1.0000     1.0000     0.0000     0.0000     0.0000     0.0000     0.0000     0.0000     0.0000     0.0000     0.0000     0.0000     0.0000     0.0000     0.0000     0.0000     0.0000     0.0000     0.0000
    1.0000     1.0000     1.0000     0.0000     0.0000     0.0000     0.0000     0.0000     1.0000     1.0000     1.0000     0.0000     0.0000     0.0000     0.0000     0.0000     0.0000     0.0000     0.0000     0.0000     1.0000     1.0000     1.0000     0.0000     0.0000     0.0000     0.0000     0.0000     0.0000     0.0000     0.0000     0.0000     0.0000     0.0000     0.0000     0.0000     1.0000     1.0000     1.0000     0.0000     0.0000     0.0000     0.0000     0.0000     0.0000     0.0000     0.0000     0.0000     0.0000     0.0000     0.0000     0.0000     0.0000     0.0000     0.0000     0.0000
    1.0000     1.0000     1.0000     0.0000     0.0000     0.0000     0.0000     0.0000     1.0000     1.0000     1.0000     0.0000     0.0000     0.0000     0.0000     0.0000     0.0000     0.0000     0.0000     0.0000     1.0000     1.0000     1.0000     0.0000     0.0000     0.0000     0.0000     0.0000     0.0000     0.0000     0.0000     0.0000     0.0000     0.0000     0.0000     0.0000     1.0000     1.0000     1.0000     0.0000     0.0000     0.0000     0.0000     0.0000     0.0000     0.0000     0.0000     0.0000     0.0000     0.0000     0.0000     0.0000     0.0000     0.0000     0.0000     0.0000
    1.0000     1.0000     1.0000     0.0000     0.0000     0.0000     0.0000     0.0000     1.0000     1.0000     1.0000     0.0000     0.0000     0.0000     0.0000     0.0000     0.0000     0.0000     0.0000     0.0000     1.0000     1.0000     1.0000     0.0000     0.0000     0.0000     0.0000     0.0000     0.0000     0.0000     0.0000     0.0000     0.0000     0.0000     0.0000     0.0000     1.0000     1.0000     1.0000     0.0000     0.0000     0.0000     0.0000     0.0000     0.0000     0.0000     0.0000     0.0000     0.0000     0.0000     0.0000     0.0000     0.0000     0.0000     0.0000     0.0000
    1.0000     1.0000     1.0000     0.0000     0.0000     0.0000     0.0000     0.0000     1.0000     1.0000     1.0000     0.0000     0.0000     0.0000     0.0000     0.0000     0.0000     0.0000     0.0000     0.0000     1.0000     1.0000     1.0000     0.0000     0.0000     0.0000     0.0000     0.0000     0.0000     0.0000     0.0000     0.0000     0.0000     0.0000     0.0000     0.0000     1.0000     1.0000     1.0000     0.0000     0.0000     0.0000     0.0000     0.0000     0.0000     0.0000     0.0000     0.0000     0.0000     0.0000     0.0000     0.0000     0.0000     0.0000     0.0000     0.0000
    1.0000     1.0000     1.0000     0.0000     0.0000     0.0000     0.0000     0.0000     1.0000     1.0000     1.0000     0.0000     0.0000     0.0000     0.0000     0.0000     0.0000     0.0000     0.0000     0.0000     1.0000     1.0000     1.0000     0.0000     0.0000     0.0000     0.0000     0.0000     0.0000     0.0000     0.0000     0.0000     0.0000     0.0000     0.0000     0.0000     1.0000     1.0000     1.0000     0.0000     0.0000     0.0000     0.0000     0.0000     0.0000     0.0000     0.0000     0.0000     0.0000     0.0000     0.0000     0.0000     0.0000     0.0000     0.0000     0.0000
    1.0000     1.0000     1.0000     0.0000     0.0000     0.0000     0.0000     0.0000     1.0000     1.0000     1.0000     0.0000     0.0000     0.0000     0.0000     0.0000     0.0000     0.0000     0.0000     0.0000     1.0000     1.0000     1.0000     0.0000     0.0000     0.0000     0.0000     0.0000     0.0000     0.0000     0.0000     0.0000     0.0000     0.0000     0.0000     0.0000     1.0000     1.0000     1.0000     0.0000     0.0000     0.0000     0.0000     0.0000     0.0000     0.0000     0.0000     0.0000     0.0000     0.0000     0.0000     0.0000     0.0000     0.0000     0.0000     0.0000
    1.0000     1.0000     1.0000     0.0000     0.0000     0.0000     0.0000     0.0000     1.0000     1.0000     1.0000     0.0000     0.0000     0.0000     0.0000     0.0000     0.0000     0.0000     0.0000     0.0000     1.0000     1.0000     1.0000     0.0000     0.0000     0.0000     0.0000     0.0000     0.0000     0.0000     0.0000     0.0000     0.0000     0.0000     0.0000     0.0000     1.0000     1.0000     1.0000     0.0000     0.0000     0.0000     0.0000     0.0000     0.0000     0.0000     0.0000     0.0000     0.0000     0.0000     0.0000     0.0000     0.0000     0.0000     0.0000     0.0000
    1.0000     1.0000     1.0000     0.0000     0.0000     0.0000     0.0000     0.0000     1.0000     1.0000     1.0000     0.0000     0.0000     0.0000     0.0000     0.0000     0.0000     0.0000     0.0000     0.0000     1.0000     1.0000     1.0000     0.0000     0.0000     0.0000     0.0000     0.0000     0.0000     0.0000     0.0000     0.0000     0.0000     0.0000     0.0000     0.0000     1.0000     1.0000     1.0000     0.0000     0.0000     0.0000     0.0000     0.0000     0.0000     0.0000     0.0000     0.0000     0.0000     0.0000     0.0000     0.0000     0.0000     0.0000     0.0000     0.0000
    1.0000     1.0000     1.0000     0.0000     0.0000     0.0000     0.0000     0.0000     1.0000     1.0000     1.0000     0.0000     0.0000     0.0000     0.0000     0.0000     0.0000     0.0000     0.0000     0.0000     1.0000     1.0000     1.0000     0.0000     0.0000     0.0000     0.0000     0.0000     0.0000     0.0000     0.0000     0.0000     0.0000     0.0000     0.0000     0.0000     1.0000     1.0000     1.0000     0.0000     0.0000     0.0000     0.0000     0.0000     0.0000     0.0000     0.0000     0.0000     0.0000     0.0000     0.0000     0.0000     0.0000     0.0000     0.0000     0.0000
    1.0000     1.0000     1.0000     0.0000     0.0000     0.0000     0.0000     0.0000     1.0000     1.0000     1.0000     0.0000     0.0000     0.0000     0.0000     0.0000     0.0000     0.0000     0.0000     0.0000     1.0000     1.0000     1.0000     0.0000     0.0000     0.0000     0.0000     0.0000     0.0000     0.0000     0.0000     0.0000     0.0000     0.0000     0.0000     0.0000     1.0000     1.0000     1.0000     0.0000     0.0000     0.0000     0.0000     0.0000     0.0000     0.0000     0.0000     0.0000     0.0000     0.0000     0.0000     0.0000     0.0000     0.0000     0.0000     0.0000
    1.0000     1.0000     1.0000     0.0000     0.0000     0.0000     0.0000     0.0000     1.0000     1.0000     1.0000     0.0000     0.0000     0.0000     0.0000     0.0000     0.0000     0.0000     0.0000     0.0000     1.0000     1.0000     1.0000     0.0000     0.0000     0.0000     0.0000     0.0000     0.0000     0.0000     0.0000     0.0000     0.0000     0.0000     0.0000     0.0000     1.0000     1.0000     1.0000     0.0000     0.0000     0.0000     0.0000     0.0000     0.0000     0.0000     0.0000     0.0000     0.0000     0.0000     0.0000     0.0000     0.0000     0.0000     0.0000     0.0000
    1.0000     1.0000     1.0000     0.0000     0.0000     0.0000     0.0000     0.0000     1.0000     1.0000     1.0000     0.0000     0.0000     0.0000     0.0000     0.0000     0.0000     0.0000     0.0000     0.0000     1.0000     1.0000     1.0000     0.0000     0.0000     0.0000     0.0000     0.0000     0.0000     0.0000     0.0000     0.0000     0.0000     0.0000     0.0000     0.0000     1.0000     1.0000     1.0000     0.0000     0.0000     0.0000     0.0000     0.0000     0.0000     0.0000     0.0000     0.0000     0.0000     0.0000     0.0000     0.0000     0.0000     0.0000     0.0000     0.0000
    1.0000     1.0000     1.0000     0.0000     0.0000     0.0000     0.0000     0.0000     1.0000     1.0000     1.0000     0.0000     0.0000     0.0000     0.0000     0.0000     0.0000     0.0000     0.0000     0.0000     1.0000     1.0000     1.0000     0.0000     0.0000     0.0000     0.0000     0.0000     0.0000     0.0000     0.0000     0.0000     0.0000     0.0000     0.0000     0.0000     1.0000     1.0000     1.0000     0.0000     0.0000     0.0000     0.0000     0.0000     0.0000     0.0000     0.0000     0.0000     0.0000     0.0000     0.0000     0.0000     0.0000     0.0000     0.0000     0.0000
{"varName":"tauArnoldiCoeffTex","savedAt":"2026-05-18T12:17:10.952Z","value":{"__backupType":"texture2D","w":14,"h":54,"dim":4,"format":[6408,34836,5126],"unit":22,"program":15,"data":[8,4.382485389709473,3.2208425998687744,1,0.00000286102294921875,0.17650803923606873,1.4315080642700195,1,0.000022708665710524656,0.6575292944908142,1.2768611907958984,1,-10.052438735961914,15.786090850830078,26.088848114013672,1,-1452.9420166015625,4.361629962921143,7.919345378875732,1,1305.375732421875,14.478996276855469,12.730850219726562,1,-170.5960693359375,11.807884216308594,10.728039741516113,1,2218.555908203125,13.071022033691406,0.5381763577461243,1,-1872.772216796875,2.7843353748321533,-5.079414367675781,1,1351.636962890625,73.89775085449219,100.69489288330078,1,-100558.3046875,-69349.8515625,-214461.90625,1,1245456.5,-123625.375,-277407.71875,1,-1242409.75,-182662.453125,-420075.75,1,2393526.25,6411906.5,5867248.5,1,8,4.666170120239258,3.6513187885284424,1,0.00003814697265625,-0.952275812625885,-0.0058145043440163136,1,0.00005230449460214004,2.2316925525665283,1.7132149934768677,1,-165.95693969726562,-5.208264350891113,-16.93568229675293,1,-339.0860595703125,-7.7067484855651855,-10.271726608276367,1,1431.17626953125,10.276565551757812,12.076889038085938,1,-20.389984130859375,10.336499214172363,39.61516571044922,1,1180.6199951171875,-13.425543785095215,-43.59608459472656,1,-2189.038818359375,-22.156024932861328,-54.46755599975586,1,838.5696411132812,55.70684814453125,115.37086486816406,1,-99598.859375,52448.4296875,158479.59375,1,1368874,3543.45703125,-234128.71875,1,-1556253.375,6861.1904296875,-95619.1953125,1,1746864.125,4164762,4114004.25,1,8,4.723623752593994,3.741788625717163,1,0.00002193450927734375,0.4989849328994751,1.1425292491912842,1,0.0000347404602507595,0.8523180484771729,1.5813020467758179,1,19.711708068847656,-0.8414594531059265,-0.2755510210990906,1,-1752.3258056640625,-5.627504348754883,-2.764373779296875,1,1287.90869140625,3.0159969329833984,4.065255165100098,1,-96.4992446899414,-6.786798477172852,-17.20952606201172,1,1640.765625,-5.067983150482178,9.226122856140137,1,-1602.6300048828125,-9.868657112121582,-40.631038665771484,1,1503.9464111328125,323.12347412109375,253.39602661132812,1,-105092.375,-67.3910140991211,-173993.0625,1,1581695.75,9534.8583984375,128512.9296875,1,-1640859,-376216.09375,-463016.5625,1,2757985.75,6955690,6327030.5,1,8,4.089788913726807,2.8049840927124023,1,0.00002193450927734375,-0.38043659925460815,0.5098732113838196,1,0.0000347404602507595,1.112632393836975,1.0269784927368164,1,-45.750587463378906,-6.617218971252441,-22.688182830810547,1,-1411.203857421875,-9.792170524597168,-1.5693633556365967,1,1827.140380859375,9.046802520751953,15.590814590454102,1,10.3815336227417,12.67919635772705,45.74557113647461,1,1320.861328125,-16.794992446899414,-59.77334213256836,1,-1881.5770263671875,-32.139923095703125,-36.21150207519531,1,1123.5059814453125,176.5614471435547,201.90194702148438,1,-49917.3515625,122221.515625,178840.609375,1,1268932.75,-47712.11328125,-374431.3125,1,-2235318,-315802.1875,-278144.6875,1,2938912.75,7733493,6902255.5,1,8,5.281736850738525,4.67823600769043,1,-0.00003814697265625,0.4106113016605377,1.9822735786437988,1,0.0000349622787325643,0.7138890027999878,1.2622277736663818,1,176.52833557128906,13.727546691894531,23.725584030151367,1,-675.3358764648438,9.09144115447998,11.180384635925293,1,1609.953369140625,6.100713729858398,7.744780540466309,1,30.007192611694336,13.202264785766602,13.395804405212402,1,1083.32177734375,19.13523292541504,8.917397499084473,1,-1114.8486328125,-8.207509994506836,-4.080284595489502,1,1090.1583251953125,90.32087707519531,80.97258758544922,1,-55502.05859375,-45772.91796875,-114347.4375,1,955055.3125,-88313.484375,-164993.6875,1,-1362893,-158039.921875,-233598.46875,1,1803222.25,3759832.75,3262159.75,1,8,5.463778972625732,5.006275653839111,1,0.00003528594970703125,0.544649600982666,2.2571990489959717,1,0.00003014274625456892,0.4513989984989166,0.5530785918235779,1,-117.34239959716797,6.29857063293457,11.34527587890625,1,-1828.5438232421875,-0.10513553768396378,-1.6230857372283936,1,1611.296875,2.655952215194702,3.649261474609375,1,-72.31722259521484,-6.480980396270752,3.546076536178589,1,1345.1666259765625,-15.083074569702148,-4.086796283721924,1,-1658.6295166015625,-168.2928924560547,-237.6419219970703,1,1093.6024169921875,699.9159545898438,835.5948486328125,1,58918.7578125,-52932.765625,4316.259765625,1,921564.8125,-62718.953125,-9942.2646484375,1,-1862369.125,-1201523.625,-1446221.375,1,1694035.75,5540128.5,5737721.5,1,8,4.382485389709473,3.2208425998687744,1,0.00000286102294921875,0.20813986659049988,1.4842188358306885,1,0.000022708665710524656,0.6596931219100952,1.2762233018875122,1,-60.359039306640625,15.875746726989746,26.261852264404297,1,-1177.9383544921875,4.098854064941406,7.941439151763916,1,1460.802978515625,14.659337997436523,13.011931419372559,1,-77.84989166259766,11.52550220489502,9.222524642944336,1,1678.45654296875,11.676376342773438,-2.0932223796844482,1,-1808.9339599609375,2.5699973106384277,-7.121750354766846,1,1140.8060302734375,70.63805389404297,101.9029769897461,1,-67450.1875,-78830.09375,-245598.375,1,1326099.5,-142320.40625,-324146,1,-1841728.125,-187390.203125,-456333.40625,1,2784600.25,6277203,5616459.5,1,8,4.666170120239258,3.6513187885284424,1,0.00004291534423828125,-0.9225751757621765,0.043683331459760666,1,0.00002990038956340868,2.2177135944366455,1.707655906677246,1,-182.14144897460938,-5.224925994873047,-17.12645149230957,1,-1081.8948974609375,-7.74994421005249,-10.164047241210938,1,1911.2542724609375,10.270330429077148,12.253156661987305,1,-53.81267166137695,10.443808555603027,39.62789535522461,1,1184.4359130859375,-13.50864315032959,-44.065643310546875,1,-1256.5657958984375,-22.404808044433594,-54.06645965576172,1,1026.0313720703125,54.83828353881836,111.05914306640625,1,-52442.96484375,52598.671875,168038.84375,1,1379130.75,4370.44921875,-248824.890625,1,-1232252.375,11659.888671875,-86675.2109375,1,2408414.5,4062646.25,3888027.25,1,8,4.723623752593994,3.741788625717163,1,0.000030517578125,0.5283315777778625,1.1914421319961548,1,0.000032368778192903847,0.8662086129188538,1.5937470197677612,1,181.5763397216797,-0.8775503039360046,-0.3552015423774719,1,-2124.333251953125,-5.596750259399414,-2.761918306350708,1,1795.90869140625,2.8668088912963867,4.069178581237793,1,91.10362243652344,-7.82346248626709,-16.229799270629883,1,1436.427490234375,-4.784183025360107,8.611189842224121,1,-958.297607421875,-19.509233474731445,-41.164798736572266,1,1554.2222900390625,363.618408203125,260.2001037597656,1,-88531.53125,-937.5226440429688,-146679.1875,1,1367306.125,7243.513671875,111672.46875,1,-1975738.5,-477331.125,-476722.1875,1,2698409.25,6818548,6567239,1,8,4.089788913726807,2.8049840927124023,1,0.00001811981201171875,-0.346550852060318,0.5663626790046692,1,0.00004133933543926105,1.0976252555847168,1.0305436849594116,1,-85.9509506225586,-6.7007646560668945,-22.84333038330078,1,-1721.275634765625,-9.86506462097168,-1.2559250593185425,1,1535.297119140625,9.188765525817871,15.659147262573242,1,-78.84362030029297,10.650861740112305,44.819828033447266,1,1486.70263671875,-16.14447784423828,-58.186309814453125,1,-1770.0389404296875,-30.359291076660156,-34.94221878051758,1,1175.2557373046875,160.3328857421875,193.2972412109375,1,27789.33984375,89327.796875,173031.765625,1,740606.625,-32548.080078125,-367108.65625,1,-2273244.5,-273418.40625,-256767.0625,1,2944817,7797389.5,6887932.5,1,8,5.281736850738525,4.67823600769043,1,-0.0000362396240234375,0.4368424415588379,2.0259926319122314,1,0.00003185900277458131,0.709307849407196,1.2576067447662354,1,85.96055603027344,13.90176773071289,23.8890323638916,1,-1096.0548095703125,9.103668212890625,11.225542068481445,1,1335.1815185546875,6.323934078216553,7.913211345672607,1,72.23798370361328,11.786666870117188,12.74679183959961,1,1057.412109375,16.67652130126953,8.124341011047363,1,-1290.2501220703125,-9.610570907592773,-3.9674930572509766,1,1004.14111328125,101.83340454101562,79.46106719970703,1,53221.1640625,-67547,-139246.75,1,957866.5,-131195.484375,-203626.171875,1,-1222202.25,-207016.3125,-255091.046875,1,1657672,3896811.5,3323149,1,8,5.463778972625732,5.006275653839111,1,0.0000286102294921875,0.5700060129165649,2.299455165863037,1,0.00003573416324798018,0.4409359395503998,0.5532642602920532,1,-214.99537658691406,6.464857578277588,11.248527526855469,1,-982.0903930664062,-0.0674171894788742,-1.7435417175292969,1,1967.4654541015625,2.667447328567505,3.6593151092529297,1,-82.68667602539062,-7.036885738372803,8.238997459411621,1,1308.3040771484375,-15.344169616699219,-0.2203126698732376,1,-1339.677001953125,-205.15074157714844,-239.1357879638672,1,1354.7884521484375,777.100341796875,849.1589965820312,1,-18044.1484375,-65623.9609375,5367.01123046875,1,1495201,-77975.9375,-8635.51171875,1,-2057661.125,-1336879.625,-1453895.375,1,2728144.75,5436619,5611852,1,8,4.382485389709473,3.2208425998687744,1,0.000003814697265625,0.19652119278907776,1.4715157747268677,1,0.000038714948459528387,0.6575561165809631,1.2768806219100952,1,54.885074615478516,15.944581985473633,26.279199600219727,1,-816.73291015625,4.536924362182617,8.07409381866455,1,1554.4444580078125,14.608063697814941,12.874784469604492,1,-41.73204040527344,11.672576904296875,9.749141693115234,1,1914.4403076171875,12.569360733032227,-1.0792195796966553,1,-1481.649658203125,2.8353164196014404,-6.447614669799805,1,1109.5767822265625,58.01426315307617,101.26547241210938,1,-150617.25,-23169.1640625,-230077.3125,1,3114293,-38010.93359375,-301871.25,1,-2026449.875,-88944.296875,-437089.71875,1,2548381.25,6257513,5710745.5,1,8,4.666170120239258,3.6513187885284424,1,0.00004100799560546875,-0.9322725534439087,0.03420324996113777,1,0.0000389841734431684,2.2316970825195312,1.7132035493850708,1,-185.3816680908203,-5.2190327644348145,-17.0567684173584,1,-576.9932250976562,-7.7160234451293945,-10.209205627441406,1,1586.9993896484375,10.262042999267578,12.195895195007324,1,-59.65687561035156,10.346056938171387,38.90642547607422,1,1206.3216552734375,-13.460517883300781,-43.05860137939453,1,-1717.822509765625,-22.234107971191406,-54.32271957397461,1,1061.682373046875,53.64231872558594,116.29224395751953,1,-107827.2734375,57725.14453125,155400.5625,1,1541998.25,3271.9873046875,-229328.75,1,-1715385.25,13662.76953125,-104238.484375,1,1976428.5,3979029,4223157,1,8,4.723623752593994,3.741788625717163,1,0.0000247955322265625,0.5189812183380127,1.1825263500213623,1,0.000029976336008985527,0.8523207902908325,1.5813055038452148,1,30.985198974609375,-0.8871726989746094,-0.3369515836238861,1,-2333.019287109375,-5.6200056076049805,-2.7555902004241943,1,1384.8865966796875,3.0163755416870117,4.069435119628906,1,-40.91127395629883,-7.863873481750488,-17.454500198364258,1,1330.7572021484375,-4.359893798828125,9.35757827758789,1,-1769.9061279296875,-10.250762939453125,-38.86320114135742,1,1112.4327392578125,310.8562927246094,240.2141876220703,1,-2042.3984375,-38133.92578125,-211921.9375,1,925801.1875,36040.72265625,151973.140625,1,-1968432.625,-389646.9375,-455972.71875,1,2993014.75,6759996,6336180,1,8,4.089788913726807,2.8049840927124023,1,0.00001430511474609375,-0.36044755578041077,0.5498651266098022,1,0.00004142724355915561,1.112636685371399,1.0269904136657715,1,-87.91539001464844,-6.647098541259766,-22.841550827026367,1,-1285.664794921875,-9.795585632324219,-1.461087942123413,1,1635.5572509765625,9.061277389526367,15.699786186218262,1,-145.8883056640625,11.342438697814941,43.56081008911133,1,1640.52001953125,-16.29558753967285,-56.186363220214844,1,-1633.62646484375,-30.65521240234375,-36.14171600341797,1,1209.0321044921875,162.8865966796875,200.77560424804688,1,-219024.984375,90154.421875,146984.21875,1,1838072.875,-32813.6171875,-318520.5,1,-1858370.125,-276527.53125,-287331.375,1,3474765.75,7773101,7078778.5,1,8,5.281736850738525,4.67823600769043,1,-0.00003719329833984375,0.43059998750686646,2.0222556591033936,1,0.000031672901968704537,0.7138782739639282,1.2622066736221313,1,91.36898040771484,13.833869934082031,23.850006103515625,1,-1013.9674682617188,9.176176071166992,11.246638298034668,1,1097.6114501953125,6.11391544342041,7.772043704986572,1,93.87397766113281,13.481345176696777,14.453768730163574,1,1056.697265625,19.842098236083984,10.851922988891602,1,-1248.3079833984375,-7.600112438201904,-2.180680990219116,1,978.880615234375,88.0809555053711,75.04950714111328,1,11622.67578125,-43000.52734375,-105412.5390625,1,621419.1875,-82749.390625,-148728.859375,1,-1117081.25,-157259.25,-218044.078125,1,1480798.875,3785673.5,3309908.25,1,8,5.463778972625732,5.006275653839111,1,0.00003910064697265625,0.5646543502807617,2.2972004413604736,1,0.00003637739428086206,0.45139533281326294,0.5530757904052734,1,-161.17840576171875,6.333056926727295,11.365682601928711,1,-856.56884765625,-0.1167849451303482,-1.6440348625183105,1,2035.8033447265625,2.627014636993408,3.590970039367676,1,-34.86397171020508,3.3424644470214844,18.696956634521484,1,1356.01220703125,-2.5846800804138184,7.690478324890137,1,-1659.8426513671875,-179.76300048828125,-153.6851806640625,1,1207.865478515625,753.0986938476562,714.6983032226562,1,-4413.212890625,-12586.37890625,71291.625,1,1551857.625,-12260.18359375,38809.84375,1,-1835351.375,-1277042.625,-1142004.875,1,2236522,5668324,5869916,1,8,4.382485389709473,3.2208425998687744,1,0.0000019073486328125,0.1907387673854828,1.4631251096725464,1,0.00003573416324798018,0.6589245200157166,1.2792117595672607,1,-347.0027770996094,15.862015724182129,26.233959197998047,1,792.6886596679688,4.482463359832764,8.062201499938965,1,2261.990234375,14.467835426330566,12.786559104919434,1,191.861083984375,12.454413414001465,10.931958198547363,1,-247.02784729003906,14.498758316040039,0.8450373411178589,1,-2389.2333984375,3.8710248470306396,-4.96256160736084,1,1117.1964111328125,67.00733184814453,102.17179870605469,1,100816.078125,-54242.30859375,-197765.515625,1,942753.9375,-94242.1484375,-254009.578125,1,-2189588.75,-149602.84375,-403627.9375,1,3105184.25,6377019,5884898,1,8,4.666170120239258,3.6513187885284424,1,0.00003910064697265625,-0.9371147751808167,0.027881987392902374,1,0.0000347404602507595,2.2345454692840576,1.7141330242156982,1,33.848480224609375,-5.201064109802246,-17.007238388061523,1,-1619.55908203125,-7.708200454711914,-10.256429672241211,1,1537.7667236328125,10.26819133758545,12.159043312072754,1,-51.76084518432617,9.427397727966309,37.8754768371582,1,1513.5379638671875,-13.30820083618164,-41.7073974609375,1,-942.6034545898438,-22.35859489440918,-53.799407958984375,1,1159.9002685546875,51.337127685546875,111.65848541259766,1,-54701.76953125,20471.888671875,147717.765625,1,1735236.5,8424.30859375,-221491.8125,1,-793536.9375,8721.1513671875,-92171,1,2348047,3988216.75,4207582.5,1,8,4.723623752593994,3.741788625717163,1,0.00001811981201171875,0.5143169164657593,1.1766256093978882,1,0.000027885802410310134,0.848554253578186,1.5763026475906372,1,-67.91790008544922,-0.8523240089416504,-0.28605711460113525,1,-1584.898681640625,-5.64301872253418,-2.7707369327545166,1,1316.4095458984375,3.0317747592926025,4.0784149169921875,1,-18.027587890625,-7.806520462036133,-16.5847225189209,1,1165.605224609375,-4.420137405395508,8.829618453979492,1,-1882.4031982421875,-16.59748077392578,-39.347049713134766,1,1058.478515625,345.32452392578125,245.7796173095703,1,-8723.70703125,-27523.7421875,-160158.421875,1,728188.4375,27258.328125,121190.296875,1,-2030202.875,-483595.15625,-444086.15625,1,2980027.5,6911448,6407422,1,8,4.089788913726807,2.8049840927124023,1,0.0000171661376953125,-0.3671679198741913,0.5393848419189453,1,0.000039597587601747364,1.1147091388702393,1.0246869325637817,1,-50.27753448486328,-6.627490997314453,-22.842979431152344,1,-684.837158203125,-9.786291122436523,-1.5220947265625,1,1602.7352294921875,9.05131721496582,15.714696884155273,1,-35.8924446105957,11.849873542785645,43.82419204711914,1,1059.5814208984375,-16.44225311279297,-56.69074249267578,1,-2069.721435546875,-31.322681427001953,-35.58662796020508,1,1172.5880126953125,168.68421936035156,193.03076171875,1,-134880.140625,116403.859375,160920.203125,1,601867.0625,-44041.421875,-345338.4375,1,-2624036.25,-300247.6875,-266571.1875,1,3353327,7771777,6973839.5,1,8,5.281736850738525,4.67823600769043,1,-0.00003910064697265625,0.4277580976486206,2.020386219024658,1,0.00003637739428086206,0.7173566818237305,1.266964077949524,1,125.62578582763672,13.82182788848877,23.858718872070312,1,-849.6627807617188,9.199851036071777,11.289929389953613,1,1670.9027099609375,6.072810173034668,7.745328426361084,1,108.91439056396484,12.480713844299316,14.115531921386719,1,1195.17431640625,17.71718978881836,10.14883804321289,1,-1032.173583984375,-10.168229103088379,-2.8051841259002686,1,887.3198852539062,103.89765930175781,74.29701232910156,1,79503.140625,-63260.1796875,-110338.40625,1,1060777.125,-122415.2890625,-157094.28125,1,-1004488.5625,-208356.796875,-223640.15625,1,1441844.375,3845412,3348166.5,1,8,5.463778972625732,5.006275653839111,1,0.00003528594970703125,0.5624035596847534,2.2966220378875732,1,0.000040088365494739264,0.4559665322303772,0.5553886294364929,1,-237.20254516601562,6.351946830749512,11.527772903442383,1,-674.517333984375,-0.08712876588106155,-1.5679665803909302,1,1807.7216796875,2.6372640132904053,3.6854610443115234,1,-49.67972183227539,-7.7431864738464355,0.41606688499450684,1,1153.6710205078125,-16.498628616333008,-6.505169868469238,1,-1484.61767578125,-166.5635986328125,-168.56272888183594,1,1235.8984375,692.5489501953125,679.8416137695312,1,14584.32421875,-82734.46875,-54990.48046875,1,1103461.625,-99839.203125,-58987.96484375,1,-1938759.125,-1194927.5,-1216721.875,1,2897727.5,5382642,5536354,1,8,4.382485389709473,3.2208425998687744,1,0.0000057220458984375,0.1873120218515396,1.4572312831878662,1,0.00001779056401574053,0.6600300073623657,1.2810226678848267,1,0.416900634765625,15.909594535827637,26.250333786010742,1,-1756.8408203125,4.5919342041015625,8.103485107421875,1,1396.7176513671875,14.521129608154297,12.791478157043457,1,0.5200119018554688,10.84323787689209,9.913558959960938,1,1395.8277587890625,11.192429542541504,-0.7437383532524109,1,-1931.9400634765625,1.3980566263198853,-6.36378288269043,1,860.6259155273438,67.74617004394531,103.33422088623047,1,-3.572265625,-113927.8671875,-220457.375,1,598318.9375,-209393.296875,-289249.25,1,-1719686.625,-227234.1875,-430931.375,1,3085928.75,6216486.5,5817135,1,8,4.666170120239258,3.6513187885284424,1,0.0000286102294921875,-0.9400351643562317,0.02333897352218628,1,0.000052823572332272306,2.2349348068237305,1.71360445022583,1,-119.79346466064453,-5.213851451873779,-17.021926879882812,1,-700.1980590820312,-7.702692031860352,-10.240293502807617,1,1520.9630126953125,10.265233039855957,12.158283233642578,1,-88.9259033203125,10.570136070251465,39.49403381347656,1,1540.083740234375,-13.460884094238281,-43.62388610839844,1,-2041.1712646484375,-22.233341217041016,-55.00859069824219,1,860.494384765625,57.62302017211914,120.96823120117188,1,-123742.4609375,72608.1875,156272.53125,1,1560930.25,1142.7333984375,-227945.125,1,-1539626.5,6219.21044921875,-114910.71875,1,1792242.875,4251663.5,4260544,1,8,4.723623752593994,3.741788625717163,1,0.00002384185791015625,0.5115447640419006,1.172432780265808,1,0.00003677524364320561,0.8474488258361816,1.5741006135940552,1,-51.673858642578125,-0.8157671093940735,-0.2502528727054596,1,-860.8701782226562,-5.6697468757629395,-2.7805325984954834,1,1788.7275390625,3.0453779697418213,4.08563756942749,1,26.251157760620117,-8.483726501464844,-17.82049560546875,1,1230.1695556640625,-3.896488904953003,9.479979515075684,1,-2125.736572265625,-24.112016677856445,-41.004859924316406,1,1106.7099609375,385.4798889160156,251.5436553955078,1,38369.9296875,3864.00927734375,-181218.21875,1,918844.8125,4599.58642578125,132014.890625,1,-2171592.5,-541430.125,-464785.125,1,2873935.25,6876610.5,6315637.5,1,8,4.089788913726807,2.8049840927124023,1,0.0000247955322265625,-0.3710395097732544,0.5322653651237488,1,0.00003532459231792018,1.114522933959961,1.0232876539230347,1,21.913925170898438,-6.6060404777526855,-22.80448341369629,1,-1926.4833984375,-9.787095069885254,-1.5820860862731934,1,1535.9158935546875,9.039368629455566,15.706643104553223,1,11.131620407104492,11.150642395019531,43.25636672973633,1,1511.6063232421875,-16.067419052124023,-55.65802001953125,1,-1761.9681396484375,-30.724931716918945,-36.653465270996094,1,1082.3616943359375,165.6521453857422,203.05218505859375,1,-75735.96875,94420.953125,146217.5,1,713814.75,-34036.65625,-316412.6875,1,-2331130.5,-283768.8125,-294625.375,1,3693035.25,7766214,7089060,1,8,5.281736850738525,4.67823600769043,1,-0.00003814697265625,0.42629292607307434,2.01961350440979,1,0.000029548516977229156,0.7198852896690369,1.271207332611084,1,154.04855346679688,13.816924095153809,23.869462966918945,1,-1365.427734375,9.201358795166016,11.316133499145508,1,1359.1788330078125,6.060083866119385,7.7327189445495605,1,25.64283561706543,12.037437438964844,13.314603805541992,1,802.9301147460938,16.849414825439453,8.840245246887207,1,-856.926513671875,-8.892948150634766,-3.622704029083252,1,988.47119140625,79.80304718017578,72.32532501220703,1,-66329.03125,-98402.15625,-137023.625,1,722774.5,-190729.5,-199267.734375,1,-1175098.875,-200596.375,-246831.765625,1,1637288.625,3751667.5,3261968,1,8,5.463778972625732,5.006275653839111,1,0.00004291534423828125,0.5614540576934814,2.2971742153167725,1,0.000027885802410310134,0.4586179256439209,0.5580365061759949,1,-0.6183128356933594,6.456139087677002,11.75887393951416,1,-1579.19287109375,0.03459535539150238,-1.4455287456512451,1,1346.0811767578125,2.6735188961029053,3.846343994140625,1,10.936678886413574,-15.369256973266602,-4.830203056335449,1,1092.3673095703125,-26.62965202331543,-11.495083808898926,1,-1775.2501220703125,-166.3367462158203,-164.0577392578125,1,1110.2518310546875,661.0084228515625,648.0708618164062,1,119106.828125,-93368.0859375,-51673.8359375,1,713957.625,-114165.9296875,-57906.42578125,1,-2693543,-1164484.625,-1165499.125,1,2614408,5415563,5607923,1,8,4.382485389709473,3.2208425998687744,1,0.0000820159912109375,0.17659683525562286,1.530515432357788,1,0.00006842571747256443,0.657521665096283,1.3044921159744263,1,-4.372871398925781,17.2658634185791,27.838565826416016,1,-1300.106201171875,4.2494707107543945,7.155304908752441,1,1528.8255615234375,15.890185356140137,13.964691162109375,1,-24.78356170654297,11.320771217346191,9.071181297302246,1,1676.59326171875,11.763607025146484,-4.314772129058838,1,-1926.74853515625,0.7698510885238647,-8.967107772827148,1,1632.6446533203125,93.62220001220703,120.31580352783203,1,-67505.2421875,-80722.734375,-267163.0625,1,1799386.375,-144167.96875,-326995.21875,1,-2307245.75,-237495.421875,-543540.5625,1,2791095,7922978.5,7237613.5,1,8,4.666170120239258,3.6513187885284424,1,-0.0000591278076171875,-0.9523729681968689,0.08357469737529755,1,0.0000431162043241784,2.2316958904266357,1.6835049390792847,1,-175.4044189453125,-5.780630111694336,-19.86730194091797,1,-1539.1697998046875,-8.715194702148438,-10.93612003326416,1,1904.1900634765625,10.819192886352539,13.997243881225586,1,-95.71770477294922,11.822722434997559,40.75321578979492,1,1547.67919921875,-14.368435859680176,-46.79180145263672,1,-1537.516357421875,-24.865848541259766,-59.42866516113281,1,1119.6038818359375,69.1750259399414,131.27598571777344,1,-48096.39453125,109416.6640625,193055.4375,1,1423517.75,-705.6148681640625,-302031.53125,1,-1518640.125,3479.082275390625,-167905.25,1,1913526.25,5713993.5,5489169.5,1,8,4.723623752593994,3.741788625717163,1,0.0000095367431640625,0.49896812438964844,1.2357022762298584,1,0.000039228369132615626,0.852321445941925,1.658475399017334,1,-40.039939880371094,-0.8104587197303772,-0.316519558429718,1,-2035.13671875,-6.28119421005249,-2.9558303356170654,1,1640.030029296875,3.422888994216919,4.274008750915527,1,-69.6979751586914,-17.10036849975586,-20.098447799682617,1,1727.7347412109375,1.8725413084030151,10.885486602783203,1,-1820.10888671875,-46.45504379272461,-53.046878814697266,1,1319.4266357421875,500.2002868652344,325.9548645019531,1,-14168.67578125,-77686.2421875,-188039.375,1,1215353.125,65137.1171875,140336.59375,1,-2376028,-856112.75,-664008.6875,1,3922807.25,8330164,7979384,1,8,4.089788913726807,2.8049840927124023,1,-0.0001125335693359375,-0.3805861473083496,0.6190129518508911,1,0.000044771935790777206,1.1126203536987305,1.0537729263305664,1,284.14727783203125,-7.525025367736816,-25.505125045776367,1,166.52853393554688,-11.089561462402344,-0.43425706028938293,1,1702.9940185546875,9.99234390258789,17.3192195892334,1,-58.973243713378906,11.804424285888672,45.139854431152344,1,747.3536987304688,-18.069568634033203,-55.18677520751953,1,-2636.589599609375,-34.88848876953125,-39.40293502807617,1,1268.4462890625,201.53350830078125,232.92623901367188,1,221712.75,135779.484375,147306.53125,1,2835647.5,-50948.01171875,-340396.1875,1,-3678035.5,-414579.125,-391728.5,1,3847886.75,10057277,9428797,1,8,5.281736850738525,4.67823600769043,1,0.00000858306884765625,0.41064906120300293,2.055220127105713,1,0.00002613485230540391,0.7138641476631165,1.2608261108398438,1,200.43197631835938,14.609487533569336,25.221664428710938,1,-442.2334899902344,9.253776550292969,10.967338562011719,1,1660.1983642578125,6.5721821784973145,8.710147857666016,1,53.07752227783203,11.570819854736328,12.501358032226562,1,1162.000732421875,16.646465301513672,6.967034339904785,1,-1678.1893310546875,-13.196733474731445,-4.056343078613281,1,1025.354248046875,133.73629760742188,93.29718017578125,1,56999.05078125,-81739.09375,-140345.953125,1,1336544.375,-157560.796875,-196388.734375,1,-1622276.5,-283289.4375,-290451.40625,1,1755523.875,4768462.5,4178892.5,1,8,5.463778972625732,5.006275653839111,1,-0.0000896453857421875,0.5445175766944885,2.336111545562744,1,0.00005807242268929258,0.45138657093048096,0.5901185870170593,1,241.3429718017578,6.685183048248291,11.057327270507812,1,-1960.9447021484375,-0.2583075761795044,-2.1636106967926025,1,2156.68701171875,2.882840633392334,3.3980660438537598,1,166.5325164794922,-10.640905380249023,-2.6595966815948486,1,1150.138916015625,-21.347427368164062,-8.76117992401123,1,-1019.0191040039062,-175.69790649414062,-196.2627410888672,1,1736.2952880859375,740.379638671875,748.439453125,1,9091.4267578125,-87906.1796875,-34089.7109375,1,2256964.25,-105840.765625,-46434.5234375,1,-2436044.5,-1457715.375,-1445236,1,2711947,7002838.5,6810784,1,1,1,1,0,0,0,0,0,1,1,1,0,0,0,0,0,0,0,0,0,1,1,1,0,0,0,0,0,0,0,0,0,0,0,0,0,1,1,1,0,0,0,0,0,0,0,0,0,0,0,0,0,0,0,0,0,1,1,1,0,0,0,0,0,1,1,1,0,0,0,0,0,0,0,0,0,1,1,1,0,0,0,0,0,0,0,0,0,0,0,0,0,1,1,1,0,0,0,0,0,0,0,0,0,0,0,0,0,0,0,0,0,1,1,1,0,0,0,0,0,1,1,1,0,0,0,0,0,0,0,0,0,1,1,1,0,0,0,0,0,0,0,0,0,0,0,0,0,1,1,1,0,0,0,0,0,0,0,0,0,0,0,0,0,0,0,0,0,1,1,1,0,0,0,0,0,1,1,1,0,0,0,0,0,0,0,0,0,1,1,1,0,0,0,0,0,0,0,0,0,0,0,0,0,1,1,1,0,0,0,0,0,0,0,0,0,0,0,0,0,0,0,0,0,1,1,1,0,0,0,0,0,1,1,1,0,0,0,0,0,0,0,0,0,1,1,1,0,0,0,0,0,0,0,0,0,0,0,0,0,1,1,1,0,0,0,0,0,0,0,0,0,0,0,0,0,0,0,0,0,1,1,1,0,0,0,0,0,1,1,1,0,0,0,0,0,0,0,0,0,1,1,1,0,0,0,0,0,0,0,0,0,0,0,0,0,1,1,1,0,0,0,0,0,0,0,0,0,0,0,0,0,0,0,0,0,1,1,1,0,0,0,0,0,1,1,1,0,0,0,0,0,0,0,0,0,1,1,1,0,0,0,0,0,0,0,0,0,0,0,0,0,1,1,1,0,0,0,0,0,0,0,0,0,0,0,0,0,0,0,0,0,1,1,1,0,0,0,0,0,1,1,1,0,0,0,0,0,0,0,0,0,1,1,1,0,0,0,0,0,0,0,0,0,0,0,0,0,1,1,1,0,0,0,0,0,0,0,0,0,0,0,0,0,0,0,0,0,1,1,1,0,0,0,0,0,1,1,1,0,0,0,0,0,0,0,0,0,1,1,1,0,0,0,0,0,0,0,0,0,0,0,0,0,1,1,1,0,0,0,0,0,0,0,0,0,0,0,0,0,0,0,0,0,1,1,1,0,0,0,0,0,1,1,1,0,0,0,0,0,0,0,0,0,1,1,1,0,0,0,0,0,0,0,0,0,0,0,0,0,1,1,1,0,0,0,0,0,0,0,0,0,0,0,0,0,0,0,0,0,1,1,1,0,0,0,0,0,1,1,1,0,0,0,0,0,0,0,0,0,1,1,1,0,0,0,0,0,0,0,0,0,0,0,0,0,1,1,1,0,0,0,0,0,0,0,0,0,0,0,0,0,0,0,0,0,1,1,1,0,0,0,0,0,1,1,1,0,0,0,0,0,0,0,0,0,1,1,1,0,0,0,0,0,0,0,0,0,0,0,0,0,1,1,1,0,0,0,0,0,0,0,0,0,0,0,0,0,0,0,0,0,1,1,1,0,0,0,0,0,1,1,1,0,0,0,0,0,0,0,0,0,1,1,1,0,0,0,0,0,0,0,0,0,0,0,0,0,1,1,1,0,0,0,0,0,0,0,0,0,0,0,0,0,0,0,0,0,1,1,1,0,0,0,0,0,1,1,1,0,0,0,0,0,0,0,0,0,1,1,1,0,0,0,0,0,0,0,0,0,0,0,0,0,1,1,1,0,0,0,0,0,0,0,0,0,0,0,0,0,0,0,0,0,1,1,1,0,0,0,0,0,1,1,1,0,0,0,0,0,0,0,0,0,1,1,1,0,0,0,0,0,0,0,0,0,0,0,0,0,1,1,1,0,0,0,0,0,0,0,0,0,0,0,0,0,0,0,0,0,1,1,1,0,0,0,0,0,1,1,1,0,0,0,0,0,0,0,0,0,1,1,1,0,0,0,0,0,0,0,0,0,0,0,0,0,1,1,1,0,0,0,0,0,0,0,0,0,0,0,0,0,0,0,0,0,1,1,1,0,0,0,0,0,1,1,1,0,0,0,0,0,0,0,0,0,1,1,1,0,0,0,0,0,0,0,0,0,0,0,0,0,1,1,1,0,0,0,0,0,0,0,0,0,0,0,0,0,0,0,0,0,1,1,1,0,0,0,0,0,1,1,1,0,0,0,0,0,0,0,0,0,1,1,1,0,0,0,0,0,0,0,0,0,0,0,0,0,1,1,1,0,0,0,0,0,0,0,0,0,0,0,0,0,0,0,0,0]}}